detector number; partition number; start time; end time; no of events inside; exposure; p0;p1;p2;high z; 
1; 0; 1.36274e+09; 1.36552e+09; 1300; 0.000254829; 15.6834; 0.856429; 6.49031e-07; 1
1; 1; 1.36274e+09; 1.36552e+09; 1338; 0.000254829; 15.6834; 0.856429; 6.49031e-07; 0
1; 2; 1.36561e+09; 1.37148e+09; 2632; 0.00053141; 15.4279; 0.831602; -2.18551e-07; 1
1; 3; 1.36561e+09; 1.37148e+09; 2663; 0.00053141; 15.4279; 0.831602; -2.18551e-07; 0
1; 4; 1.37335e+09; 1.37338e+09; 16; 2.69335e-06; 14.52; 0.83844; 1.28102e-06; 1
1; 5; 1.37335e+09; 1.37338e+09; 11; 2.69335e-06; 14.52; 0.83844; 1.28102e-06; 0
1; 6; 1.37356e+09; 1.37526e+09; 572; 0.000147642; 12.4999; 0.867505; 7.02659e-07; 1
1; 7; 1.37356e+09; 1.37526e+09; 563; 0.000147642; 12.4999; 0.867505; 7.02659e-07; 0
1; 8; 1.37536e+09; 1.37605e+09; 259; 6.42983e-05; 10.2586; 0.910616; 1.6034e-07; 1
1; 9; 1.37536e+09; 1.37605e+09; 257; 6.42983e-05; 10.2586; 0.910616; 1.6034e-07; 0
1; 10; 1.37632e+09; 1.37752e+09; 331; 9.38462e-05; 10.2579; 0.929281; 2.25233e-06; 1
1; 11; 1.37632e+09; 1.37752e+09; 379; 9.38462e-05; 10.2579; 0.929281; 2.25233e-06; 0
1; 12; 1.37762e+09; 1.37784e+09; 88; 2.01919e-05; 12.6135; 0.852269; -0.004897; 1
1; 13; 1.37762e+09; 1.37784e+09; 76; 2.01919e-05; 12.6135; 0.852269; -0.004897; 0
1; 14; 1.3784e+09; 1.38124e+09; 671; 0.000186276; 13.1201; 0.827228; -0.00489922; 1
1; 15; 1.3784e+09; 1.38124e+09; 718; 0.000186276; 13.1201; 0.827228; -0.00489922; 0
1; 16; 1.38132e+09; 1.38297e+09; 447; 0.000117736; 12.6023; 0.862743; 3.62282e-08; 1
1; 17; 1.38132e+09; 1.38297e+09; 435; 0.000117736; 12.6023; 0.862743; 3.62282e-08; 0
1; 18; 1.38306e+09; 1.38383e+09; 220; 6.39954e-05; 13.1608; 0.856964; 5.21217e-06; 1
1; 19; 1.38306e+09; 1.38383e+09; 223; 6.39954e-05; 13.1608; 0.856964; 5.21217e-06; 0
1; 20; 1.38503e+09; 1.38547e+09; 81; 3.86797e-05; 17.3981; 0.753148; 0.00248327; 1
1; 21; 1.38503e+09; 1.38547e+09; 67; 3.86797e-05; 17.3981; 0.753148; 0.00248327; 0
1; 22; 1.38574e+09; 1.38586e+09; 20; 1.07696e-05; 15.3846; 0.777517; 0.00248044; 1
1; 23; 1.38574e+09; 1.38586e+09; 25; 1.07696e-05; 15.3846; 0.777517; 0.00248044; 0
2; 24; 1.36274e+09; 1.36552e+09; 935; 0.000254332; 15.1733; 0.642972; 0.0054065; 1
2; 25; 1.36274e+09; 1.36552e+09; 975; 0.000254332; 15.1733; 0.642972; 0.0054065; 0
2; 26; 1.36561e+09; 1.37148e+09; 1934; 0.000530375; 15.9711; 0.669802; 0.00113328; 1
2; 27; 1.36561e+09; 1.37148e+09; 1991; 0.000530375; 15.9711; 0.669802; 0.00113328; 0
2; 28; 1.37335e+09; 1.37338e+09; 6; 2.6881e-06; 17.1112; 0.58831; -2.61995e-07; 1
2; 29; 1.37335e+09; 1.37338e+09; 12; 2.6881e-06; 17.1112; 0.58831; -2.61995e-07; 0
2; 30; 1.37356e+09; 1.37526e+09; 361; 0.000147354; 15.5553; 0.631066; -1.66437e-07; 1
2; 31; 1.37356e+09; 1.37526e+09; 357; 0.000147354; 15.5553; 0.631066; -1.66437e-07; 0
2; 32; 1.37536e+09; 1.37605e+09; 68; 6.4173e-05; 14.9208; 0.652235; 3.74672e-07; 1
2; 33; 1.37536e+09; 1.37605e+09; 52; 6.4173e-05; 14.9208; 0.652235; 3.74672e-07; 0
2; 34; 1.37632e+09; 1.37752e+09; 100; 9.36632e-05; 15.2884; 0.665222; 7.14451e-07; 1
2; 35; 1.37632e+09; 1.37752e+09; 82; 9.36632e-05; 15.2884; 0.665222; 7.14451e-07; 0
2; 36; 1.37762e+09; 1.37784e+09; 31; 2.01526e-05; 15.7816; 0.681738; 0.000418796; 1
2; 37; 1.37762e+09; 1.37784e+09; 24; 2.01526e-05; 15.7816; 0.681738; 0.000418796; 0
2; 38; 1.3784e+09; 1.38124e+09; 278; 0.000185913; 15.2732; 0.709773; 0.000418746; 1
2; 39; 1.3784e+09; 1.38124e+09; 259; 0.000185913; 15.2732; 0.709773; 0.000418746; 0
2; 40; 1.38132e+09; 1.38297e+09; 83; 0.000117507; 15.1708; 0.698939; -1.01738e-07; 1
2; 41; 1.38132e+09; 1.38297e+09; 72; 0.000117507; 15.1708; 0.698939; -1.01738e-07; 0
2; 42; 1.38306e+09; 1.38383e+09; 26; 6.38707e-05; 15.7237; 0.667381; 0.00254627; 1
2; 43; 1.38306e+09; 1.38383e+09; 16; 6.38707e-05; 15.7237; 0.667381; 0.00254627; 0
2; 44; 1.38503e+09; 1.38547e+09; 67; 3.86043e-05; 18.9596; 0.587139; 0.00178079; 1
2; 45; 1.38503e+09; 1.38547e+09; 60; 3.86043e-05; 18.9596; 0.587139; 0.00178079; 0
2; 46; 1.38574e+09; 1.38586e+09; 23; 1.07486e-05; 17.577; 0.601118; 0.000963183; 1
2; 47; 1.38574e+09; 1.38586e+09; 21; 1.07486e-05; 17.577; 0.601118; 0.000963183; 0
3; 48; 1.36274e+09; 1.36552e+09; 903; 0.0002527; 22.1482; 0.715803; -1.37229e-08; 1
3; 49; 1.36274e+09; 1.36552e+09; 967; 0.0002527; 22.1482; 0.715803; -1.37229e-08; 0
3; 50; 1.36561e+09; 1.37148e+09; 1763; 0.00052697; 21.7262; 0.698702; -2.32271e-07; 1
3; 51; 1.36561e+09; 1.37148e+09; 1905; 0.00052697; 21.7262; 0.698702; -2.32271e-07; 0
4; 52; 1.36274e+09; 1.36552e+09; 998; 0.000255092; 17.7664; 0.839123; 0.00122706; 1
4; 53; 1.36274e+09; 1.36552e+09; 1047; 0.000255092; 17.7664; 0.839123; 0.00122706; 0
4; 54; 1.36561e+09; 1.37148e+09; 1993; 0.00053196; 18.5776; 0.822844; 0.00122773; 1
4; 55; 1.36561e+09; 1.37148e+09; 2120; 0.00053196; 18.5776; 0.822844; 0.00122773; 0
4; 56; 1.37335e+09; 1.37338e+09; 7; 2.69613e-06; 16.9574; 0.848234; 1.06389e-06; 1
4; 57; 1.37335e+09; 1.37338e+09; 5; 2.69613e-06; 16.9574; 0.848234; 1.06389e-06; 0
4; 58; 1.37356e+09; 1.37526e+09; 399; 0.000147794; 17.4807; 0.75262; 0.00395719; 1
4; 59; 1.37356e+09; 1.37526e+09; 437; 0.000147794; 17.4807; 0.75262; 0.00395719; 0
4; 60; 1.37536e+09; 1.37605e+09; 154; 6.43648e-05; 17.1945; 0.739772; 0.00395802; 1
4; 61; 1.37536e+09; 1.37605e+09; 183; 6.43648e-05; 17.1945; 0.739772; 0.00395802; 0
4; 62; 1.37632e+09; 1.37752e+09; 230; 9.39432e-05; 16.8889; 0.79674; 8.90598e-07; 1
4; 63; 1.37632e+09; 1.37752e+09; 251; 9.39432e-05; 16.8889; 0.79674; 8.90598e-07; 0
4; 64; 1.37762e+09; 1.37784e+09; 54; 2.02128e-05; 16.8649; 0.819252; -2.1651e-07; 1
4; 65; 1.37762e+09; 1.37784e+09; 55; 2.02128e-05; 16.8649; 0.819252; -2.1651e-07; 0
4; 66; 1.3784e+09; 1.38124e+09; 488; 0.000186468; 16.7437; 0.821089; -9.91839e-07; 1
4; 67; 1.3784e+09; 1.38124e+09; 515; 0.000186468; 16.7437; 0.821089; -9.91839e-07; 0
4; 68; 1.38132e+09; 1.38297e+09; 299; 0.000117858; 16.3187; 0.82232; 3.00044e-07; 1
4; 69; 1.38132e+09; 1.38297e+09; 332; 0.000117858; 16.3187; 0.82232; 3.00044e-07; 0
4; 70; 1.38306e+09; 1.38383e+09; 163; 6.40616e-05; 15.452; 0.833818; 1.50931e-06; 1
4; 71; 1.38306e+09; 1.38383e+09; 182; 6.40616e-05; 15.452; 0.833818; 1.50931e-06; 0
5; 72; 1.36274e+09; 1.36552e+09; 1515; 0.000252998; 14.1674; 0.625333; -1.10863e-07; 1
5; 73; 1.36274e+09; 1.36552e+09; 1482; 0.000252998; 14.1674; 0.625333; -1.10863e-07; 0
5; 74; 1.36561e+09; 1.37148e+09; 3230; 0.000526255; 14.4316; 0.601652; -5.3082e-08; 1
5; 75; 1.36561e+09; 1.37148e+09; 3048; 0.000526255; 14.4316; 0.601652; -5.3082e-08; 0
5; 76; 1.37335e+09; 1.37338e+09; 17; 2.67399e-06; 17.739; 0.590764; -4.18399e-07; 1
5; 77; 1.37335e+09; 1.37338e+09; 9; 2.67399e-06; 17.739; 0.590764; -4.18399e-07; 0
5; 78; 1.37356e+09; 1.37526e+09; 621; 0.000155234; 13.9803; 0.672701; 0.00345011; 1
5; 79; 1.37356e+09; 1.37526e+09; 579; 0.000155234; 13.9803; 0.672701; 0.00345011; 0
5; 80; 1.37536e+09; 1.37605e+09; 111; 6.38363e-05; 13.4926; 0.652029; 0.00636234; 1
5; 81; 1.37536e+09; 1.37605e+09; 70; 6.38363e-05; 13.4926; 0.652029; 0.00636234; 0
5; 82; 1.37632e+09; 1.37752e+09; 182; 9.31718e-05; 15.5844; 0.555672; 0.0029118; 1
5; 83; 1.37632e+09; 1.37752e+09; 132; 9.31718e-05; 15.5844; 0.555672; 0.0029118; 0
5; 84; 1.37762e+09; 1.37784e+09; 34; 2.00468e-05; 16.0981; 0.609843; 2.75288e-07; 1
5; 85; 1.37762e+09; 1.37784e+09; 27; 2.00468e-05; 16.0981; 0.609843; 2.75288e-07; 0
5; 86; 1.3784e+09; 1.38124e+09; 420; 0.000184937; 12.9066; 0.763287; 8.07693e-07; 1
5; 87; 1.3784e+09; 1.38124e+09; 368; 0.000184937; 12.9066; 0.763287; 8.07693e-07; 0
5; 88; 1.38132e+09; 1.38297e+09; 373; 0.00011689; 12.3772; 0.734063; 5.2027e-07; 1
5; 89; 1.38132e+09; 1.38297e+09; 283; 0.00011689; 12.3772; 0.734063; 5.2027e-07; 0
5; 90; 1.38306e+09; 1.38383e+09; 76; 6.48719e-05; 14.9499; 0.595315; 0.00233578; 1
5; 91; 1.38306e+09; 1.38383e+09; 28; 6.48719e-05; 14.9499; 0.595315; 0.00233578; 0
5; 92; 1.38503e+09; 1.38547e+09; 176; 3.84017e-05; 18.5483; 0.680264; 8.47938e-07; 1
5; 93; 1.38503e+09; 1.38547e+09; 174; 3.84017e-05; 18.5483; 0.680264; 8.47938e-07; 0
5; 94; 1.38574e+09; 1.38586e+09; 55; 1.06922e-05; 17.4332; 0.704251; 1.53012e-06; 1
5; 95; 1.38574e+09; 1.38586e+09; 53; 1.06922e-05; 17.4332; 0.704251; 1.53012e-06; 0
6; 96; 1.36274e+09; 1.36552e+09; 1177; 0.00025387; 16.2705; 0.758872; 3.09579e-07; 1
6; 97; 1.36274e+09; 1.36552e+09; 1106; 0.00025387; 16.2705; 0.758872; 3.09579e-07; 0
6; 98; 1.36561e+09; 1.37148e+09; 2423; 0.00052807; 15.6775; 0.802375; 1.8e-07; 1
6; 99; 1.36561e+09; 1.37148e+09; 2435; 0.00052807; 15.6775; 0.802375; 1.8e-07; 0
6; 100; 1.37335e+09; 1.37338e+09; 18; 2.68321e-06; 15.7649; 0.52393; -4.57372e-07; 1
6; 101; 1.37335e+09; 1.37338e+09; 11; 2.68321e-06; 15.7649; 0.52393; -4.57372e-07; 0
6; 102; 1.37356e+09; 1.37526e+09; 608; 0.000155769; 15.7113; 0.497318; 0.00320251; 1
6; 103; 1.37356e+09; 1.37526e+09; 582; 0.000155769; 15.7113; 0.497318; 0.00320251; 0
6; 104; 1.37536e+09; 1.37605e+09; 117; 6.40564e-05; 15.7977; 0.486254; 0.00352255; 1
6; 105; 1.37536e+09; 1.37605e+09; 122; 6.40564e-05; 15.7977; 0.486254; 0.00352255; 0
6; 106; 1.37632e+09; 1.37752e+09; 179; 9.3493e-05; 15.7264; 0.546528; 0.000320091; 1
6; 107; 1.37632e+09; 1.37752e+09; 198; 9.3493e-05; 15.7264; 0.546528; 0.000320091; 0
6; 108; 1.37762e+09; 1.37784e+09; 26; 2.01159e-05; 15.374; 0.563502; 8.17137e-08; 1
6; 109; 1.37762e+09; 1.37784e+09; 40; 2.01159e-05; 15.374; 0.563502; 8.17137e-08; 0
6; 110; 1.3784e+09; 1.38124e+09; 581; 0.000185575; 15.0328; 0.538478; 4.03682e-08; 1
6; 111; 1.3784e+09; 1.38124e+09; 517; 0.000185575; 15.0328; 0.538478; 4.03682e-08; 0
6; 112; 1.38132e+09; 1.38297e+09; 511; 0.000117293; 15.3746; 0.523367; -3.34325e-07; 1
6; 113; 1.38132e+09; 1.38297e+09; 489; 0.000117293; 15.3746; 0.523367; -3.34325e-07; 0
6; 114; 1.38306e+09; 1.38383e+09; 150; 6.50956e-05; 15.0892; 0.548221; -3.29327e-07; 1
6; 115; 1.38306e+09; 1.38383e+09; 139; 6.50956e-05; 15.0892; 0.548221; -3.29327e-07; 0
6; 116; 1.38503e+09; 1.38547e+09; 87; 3.85341e-05; 16.8247; 0.483857; 0.00280552; 1
6; 117; 1.38503e+09; 1.38547e+09; 108; 3.85341e-05; 16.8247; 0.483857; 0.00280552; 0
6; 118; 1.38574e+09; 1.38586e+09; 47; 1.0729e-05; 16.067; 0.441047; 0.00280553; 1
6; 119; 1.38574e+09; 1.38586e+09; 44; 1.0729e-05; 16.067; 0.441047; 0.00280553; 0
7; 120; 1.36274e+09; 1.36552e+09; 1233; 0.000251927; 14.4808; 0.691893; 1.58241e-07; 1
7; 121; 1.36274e+09; 1.36552e+09; 1152; 0.000251927; 14.4808; 0.691893; 1.58241e-07; 0
7; 122; 1.36561e+09; 1.37148e+09; 2634; 0.000524027; 14.6577; 0.636563; 0.00586581; 1
7; 123; 1.36561e+09; 1.37148e+09; 2613; 0.000524027; 14.6577; 0.636563; 0.00586581; 0
7; 124; 1.37335e+09; 1.37338e+09; 18; 2.66267e-06; 16.7109; 0.547692; 0.00648778; 1
7; 125; 1.37335e+09; 1.37338e+09; 13; 2.66267e-06; 16.7109; 0.547692; 0.00648778; 0
7; 126; 1.37356e+09; 1.37526e+09; 554; 0.000154577; 16.9432; 0.5631; 0.00207394; 1
7; 127; 1.37356e+09; 1.37526e+09; 601; 0.000154577; 16.9432; 0.5631; 0.00207394; 0
7; 128; 1.37536e+09; 1.37605e+09; 96; 6.3566e-05; 15.9141; 0.564085; 0.00240704; 1
7; 129; 1.37536e+09; 1.37605e+09; 73; 6.3566e-05; 15.9141; 0.564085; 0.00240704; 0
7; 130; 1.37632e+09; 1.37752e+09; 149; 9.27773e-05; 16.2095; 0.572272; 0.00095474; 1
7; 131; 1.37632e+09; 1.37752e+09; 108; 9.27773e-05; 16.2095; 0.572272; 0.00095474; 0
7; 132; 1.37762e+09; 1.37784e+09; 19; 1.99619e-05; 16.4752; 0.615606; -3.16189e-07; 1
7; 133; 1.37762e+09; 1.37784e+09; 33; 1.99619e-05; 16.4752; 0.615606; -3.16189e-07; 0
7; 134; 1.3784e+09; 1.38124e+09; 391; 0.000184154; 16.5751; 0.64151; 3.76095e-07; 1
7; 135; 1.3784e+09; 1.38124e+09; 362; 0.000184154; 16.5751; 0.64151; 3.76095e-07; 0
7; 136; 1.38132e+09; 1.38297e+09; 434; 0.000116395; 17.1557; 0.58504; 8.26013e-07; 1
7; 137; 1.38132e+09; 1.38297e+09; 381; 0.000116395; 17.1557; 0.58504; 8.26013e-07; 0
7; 138; 1.38306e+09; 1.38383e+09; 92; 6.45973e-05; 16.6451; 0.579562; 3.27246e-07; 1
7; 139; 1.38306e+09; 1.38383e+09; 71; 6.45973e-05; 16.6451; 0.579562; 3.27246e-07; 0
7; 140; 1.38503e+09; 1.38547e+09; 119; 3.82391e-05; 16.6175; 0.660737; 3.45072e-06; 1
7; 141; 1.38503e+09; 1.38547e+09; 140; 3.82391e-05; 16.6175; 0.660737; 3.45072e-06; 0
7; 142; 1.38574e+09; 1.38586e+09; 50; 1.06469e-05; 16.2069; 0.634784; 0.00357445; 1
7; 143; 1.38574e+09; 1.38586e+09; 42; 1.06469e-05; 16.2069; 0.634784; 0.00357445; 0
8; 144; 1.36274e+09; 1.36552e+09; 1201; 0.000252765; 13.1415; 0.605602; 0.0038371; 1
8; 145; 1.36274e+09; 1.36552e+09; 1275; 0.000252765; 13.1415; 0.605602; 0.0038371; 0
8; 146; 1.36561e+09; 1.37148e+09; 2524; 0.00052577; 13.4771; 0.604215; 0.00391734; 1
8; 147; 1.36561e+09; 1.37148e+09; 2773; 0.00052577; 13.4771; 0.604215; 0.00391734; 0
8; 148; 1.37335e+09; 1.37338e+09; 11; 2.67153e-06; 15.184; 0.502649; 0.00670078; 1
8; 149; 1.37335e+09; 1.37338e+09; 15; 2.67153e-06; 15.184; 0.502649; 0.00670078; 0
8; 150; 1.37356e+09; 1.37526e+09; 627; 0.000155091; 14.5501; 0.497537; 0.00752197; 1
8; 151; 1.37356e+09; 1.37526e+09; 619; 0.000155091; 14.5501; 0.497537; 0.00752197; 0
8; 152; 1.37536e+09; 1.37605e+09; 126; 6.37774e-05; 12.4232; 0.575794; 0.00438116; 1
8; 153; 1.37536e+09; 1.37605e+09; 101; 6.37774e-05; 12.4232; 0.575794; 0.00438116; 0
8; 154; 1.37632e+09; 1.37752e+09; 193; 9.30859e-05; 11.2601; 0.665665; 2.22445e-07; 1
8; 155; 1.37632e+09; 1.37752e+09; 192; 9.30859e-05; 11.2601; 0.665665; 2.22445e-07; 0
8; 156; 1.37762e+09; 1.37784e+09; 36; 2.00283e-05; 12.2343; 0.653686; 5.80502e-07; 1
8; 157; 1.37762e+09; 1.37784e+09; 36; 2.00283e-05; 12.2343; 0.653686; 5.80502e-07; 0
8; 158; 1.3784e+09; 1.38124e+09; 494; 0.000184767; 12.3251; 0.663522; 9.40307e-07; 1
8; 159; 1.3784e+09; 1.38124e+09; 455; 0.000184767; 12.3251; 0.663522; 9.40307e-07; 0
8; 160; 1.38132e+09; 1.38297e+09; 349; 0.000116783; 11.9791; 0.660558; 0.00118938; 1
8; 161; 1.38132e+09; 1.38297e+09; 326; 0.000116783; 11.9791; 0.660558; 0.00118938; 0
8; 162; 1.38306e+09; 1.38383e+09; 101; 6.48121e-05; 12.3512; 0.620863; 0.00119031; 1
8; 163; 1.38306e+09; 1.38383e+09; 93; 6.48121e-05; 12.3512; 0.620863; 0.00119031; 0
8; 164; 1.38503e+09; 1.38547e+09; 130; 3.83663e-05; 17.0411; 0.655213; 0.00202692; 1
8; 165; 1.38503e+09; 1.38547e+09; 140; 3.83663e-05; 17.0411; 0.655213; 0.00202692; 0
8; 166; 1.38574e+09; 1.38586e+09; 36; 1.06823e-05; 16.1004; 0.623829; 0.00202498; 1
8; 167; 1.38574e+09; 1.38586e+09; 38; 1.06823e-05; 16.1004; 0.623829; 0.00202498; 0
9; 168; 1.36274e+09; 1.36552e+09; 1324; 0.00024645; 10.498; 0.563927; 0.0248306; 1
9; 169; 1.36274e+09; 1.36552e+09; 1330; 0.00024645; 10.498; 0.563927; 0.0248306; 0
9; 170; 1.36561e+09; 1.37148e+09; 3034; 0.000530762; 10.764; 0.570068; 0.0247604; 1
9; 171; 1.36561e+09; 1.37148e+09; 3041; 0.000530762; 10.764; 0.570068; 0.0247604; 0
9; 172; 1.37335e+09; 1.37338e+09; 20; 2.69006e-06; 11.2505; 0.594992; 0.0247295; 1
9; 173; 1.37335e+09; 1.37338e+09; 17; 2.69006e-06; 11.2505; 0.594992; 0.0247295; 0
9; 174; 1.37356e+09; 1.37526e+09; 707; 0.000156167; 11.2539; 0.588133; 0.0236624; 1
9; 175; 1.37356e+09; 1.37526e+09; 705; 0.000156167; 11.2539; 0.588133; 0.0236624; 0
9; 176; 1.37536e+09; 1.37605e+09; 150; 6.42199e-05; 11.2572; 0.581273; 0.0225954; 1
9; 177; 1.37536e+09; 1.37605e+09; 145; 6.42199e-05; 11.2572; 0.581273; 0.0225954; 0
9; 178; 1.37632e+09; 1.37752e+09; 226; 9.37316e-05; 5.6286; 0.702073; 0.0208509; 1
9; 179; 1.37632e+09; 1.37752e+09; 194; 9.37316e-05; 5.6286; 0.702073; 0.0208509; 0
9; 180; 1.37762e+09; 1.37784e+09; 53; 2.01673e-05; 0.000849664; 0.804912; 0.0203721; 1
9; 181; 1.37762e+09; 1.37784e+09; 45; 2.01673e-05; 0.000849664; 0.804912; 0.0203721; 0
9; 182; 1.37841e+09; 1.38124e+09; 589; 0.000184703; 8.04995; 0.393492; 0.022894; 1
9; 183; 1.37841e+09; 1.38124e+09; 598; 0.000184703; 8.04995; 0.393492; 0.022894; 0
9; 184; 1.38132e+09; 1.38297e+09; 301; 0.000117593; 15.2432; 3.08779e-05; 0.025212; 1
9; 185; 1.38132e+09; 1.38297e+09; 296; 0.000117593; 15.2432; 3.08779e-05; 0.025212; 0
9; 186; 1.38306e+09; 1.38383e+09; 141; 6.52618e-05; 15.2305; 2.55684e-05; 0.0260042; 1
9; 187; 1.38306e+09; 1.38383e+09; 132; 6.52618e-05; 15.2305; 2.55684e-05; 0.0260042; 0
10; 188; 1.36274e+09; 1.36552e+09; 1506; 0.000246935; 14.836; 0.329141; 0.00458915; 1
10; 189; 1.36274e+09; 1.36552e+09; 1513; 0.000246935; 14.836; 0.329141; 0.00458915; 0
10; 190; 1.36561e+09; 1.37148e+09; 3442; 0.000531807; 13.7521; 0.347431; 0.00532049; 1
10; 191; 1.36561e+09; 1.37148e+09; 3599; 0.000531807; 13.7521; 0.347431; 0.00532049; 0
10; 192; 1.37335e+09; 1.37338e+09; 16; 2.69535e-06; 10.2158; 0.426172; 0.00327084; 1
10; 193; 1.37335e+09; 1.37338e+09; 14; 2.69535e-06; 10.2158; 0.426172; 0.00327084; 0
10; 194; 1.37356e+09; 1.37526e+09; 756; 0.000156474; 9.14145; 0.451686; 7.5419e-07; 1
10; 195; 1.37356e+09; 1.37526e+09; 754; 0.000156474; 9.14145; 0.451686; 7.5419e-07; 0
10; 196; 1.37536e+09; 1.37605e+09; 109; 6.43463e-05; 9.1985; 0.465432; 3.0792e-07; 1
10; 197; 1.37536e+09; 1.37605e+09; 95; 6.43463e-05; 9.1985; 0.465432; 3.0792e-07; 0
10; 198; 1.37632e+09; 1.37752e+09; 179; 9.39161e-05; 9.40334; 0.482611; 2.85723e-08; 1
10; 199; 1.37632e+09; 1.37752e+09; 144; 9.39161e-05; 9.40334; 0.482611; 2.85723e-08; 0
10; 200; 1.37762e+09; 1.37784e+09; 42; 2.0207e-05; 8.95672; 0.498656; -1.99115e-07; 1
10; 201; 1.37762e+09; 1.37784e+09; 28; 2.0207e-05; 8.95672; 0.498656; -1.99115e-07; 0
10; 202; 1.37841e+09; 1.38383e+09; 948; 0.000368281; 8.36231; 0.511267; -5.93725e-07; 1
10; 203; 1.37841e+09; 1.38383e+09; 820; 0.000368281; 8.36231; 0.511267; -5.93725e-07; 0
11; 204; 1.36274e+09; 1.36552e+09; 1473; 0.000245823; 11.2492; 0.521009; 0.0133739; 1
11; 205; 1.36274e+09; 1.36552e+09; 1513; 0.000245823; 11.2492; 0.521009; 0.0133739; 0
11; 206; 1.36561e+09; 1.37148e+09; 3410; 0.000529411; 10.538; 0.633759; 0.0219979; 1
11; 207; 1.36561e+09; 1.37148e+09; 3518; 0.000529411; 10.538; 0.633759; 0.0219979; 0
11; 208; 1.37335e+09; 1.37526e+09; 749; 0.000158453; 12.0357; 0.589579; 0.0223263; 1
11; 209; 1.37335e+09; 1.37526e+09; 828; 0.000158453; 12.0357; 0.589579; 0.0223263; 0
11; 210; 1.37536e+09; 1.37605e+09; 145; 6.40564e-05; 8.09821; 0.741008; 0.0111632; 1
11; 211; 1.37536e+09; 1.37605e+09; 115; 6.40564e-05; 8.09821; 0.741008; 0.0111632; 0
11; 212; 1.37632e+09; 1.37752e+09; 194; 9.3493e-05; 3.38269; 0.869993; 0.00438944; 1
11; 213; 1.37632e+09; 1.37752e+09; 184; 9.3493e-05; 3.38269; 0.869993; 0.00438944; 0
11; 214; 1.37762e+09; 1.37784e+09; 49; 2.01159e-05; 2.60465; 0.847549; 0.00877873; 1
11; 215; 1.37762e+09; 1.37784e+09; 34; 2.01159e-05; 2.60465; 0.847549; 0.00877873; 0
11; 216; 1.37841e+09; 1.38124e+09; 602; 0.000184233; 2.20995; 0.840026; 0.0095836; 1
11; 217; 1.37841e+09; 1.38124e+09; 481; 0.000184233; 2.20995; 0.840026; 0.0095836; 0
11; 218; 1.38132e+09; 1.38383e+09; 455; 0.000182389; 1.81526; 0.832503; 0.0103885; 1
11; 219; 1.38132e+09; 1.38383e+09; 370; 0.000182389; 1.81526; 0.832503; 0.0103885; 0
11; 220; 1.38503e+09; 1.38547e+09; 82; 3.68569e-05; 14.0037; 0.559841; 6.14551e-07; 1
11; 221; 1.38503e+09; 1.38547e+09; 105; 3.68569e-05; 14.0037; 0.559841; 6.14551e-07; 0
11; 222; 1.38574e+09; 1.38586e+09; 36; 1.0729e-05; 13.5201; 0.545874; 0.000929138; 1
11; 223; 1.38574e+09; 1.38586e+09; 38; 1.0729e-05; 13.5201; 0.545874; 0.000929138; 0
12; 224; 1.36274e+09; 1.36552e+09; 1316; 0.000246864; 10.75; 0.563782; 0.00839037; 1
12; 225; 1.36274e+09; 1.36552e+09; 1323; 0.000246864; 10.75; 0.563782; 0.00839037; 0
12; 226; 1.36561e+09; 1.37148e+09; 2714; 0.000531654; 10.3951; 0.632837; 0.00516822; 1
12; 227; 1.36561e+09; 1.37148e+09; 2922; 0.000531654; 10.3951; 0.632837; 0.00516822; 0
12; 228; 1.37335e+09; 1.37338e+09; 10; 2.69458e-06; 10.3784; 0.604449; 0.00877435; 1
12; 229; 1.37335e+09; 1.37338e+09; 12; 2.69458e-06; 10.3784; 0.604449; 0.00877435; 0
12; 230; 1.37356e+09; 1.37526e+09; 596; 0.000156429; 8.86664; 0.665498; 0.00566076; 1
12; 231; 1.37356e+09; 1.37526e+09; 646; 0.000156429; 8.86664; 0.665498; 0.00566076; 0
12; 232; 1.37536e+09; 1.37605e+09; 132; 6.43278e-05; 8.89049; 0.656604; 0.00262404; 1
12; 233; 1.37536e+09; 1.37605e+09; 103; 6.43278e-05; 8.89049; 0.656604; 0.00262404; 0
12; 234; 1.37632e+09; 1.37752e+09; 201; 9.38891e-05; 9.40291; 0.64959; 0.00214559; 1
12; 235; 1.37632e+09; 1.37752e+09; 198; 9.38891e-05; 9.40291; 0.64959; 0.00214559; 0
12; 236; 1.37762e+09; 1.37784e+09; 49; 2.02012e-05; 8.39879; 0.675322; 0.00175068; 1
12; 237; 1.37762e+09; 1.37784e+09; 54; 2.02012e-05; 8.39879; 0.675322; 0.00175068; 0
12; 238; 1.37841e+09; 1.38124e+09; 544; 0.000185013; 7.9969; 0.685525; 3.73626e-07; 1
12; 239; 1.37841e+09; 1.38124e+09; 539; 0.000185013; 7.9969; 0.685525; 3.73626e-07; 0
12; 240; 1.38132e+09; 1.38297e+09; 260; 0.00011779; 9.12852; 0.636647; 0.00358625; 1
12; 241; 1.38132e+09; 1.38297e+09; 220; 0.00011779; 9.12852; 0.636647; 0.00358625; 0
12; 242; 1.38306e+09; 1.38383e+09; 103; 6.53714e-05; 9.78919; 0.587555; 0.00858992; 1
12; 243; 1.38306e+09; 1.38383e+09; 94; 6.53714e-05; 9.78919; 0.587555; 0.00858992; 0
12; 244; 1.38503e+09; 1.38547e+09; 142; 3.7013e-05; 10.6056; 0.666158; 0.00438494; 1
12; 245; 1.38503e+09; 1.38547e+09; 155; 3.7013e-05; 10.6056; 0.666158; 0.00438494; 0
12; 246; 1.38574e+09; 1.38586e+09; 40; 1.07745e-05; 10.2171; 0.632608; 0.00438463; 1
12; 247; 1.38574e+09; 1.38586e+09; 47; 1.07745e-05; 10.2171; 0.632608; 0.00438463; 0
13; 248; 1.36274e+09; 1.36552e+09; 1414; 0.000245099; 12.7754; 0.727471; 1.75091e-06; 1
13; 249; 1.36274e+09; 1.36552e+09; 1254; 0.000245099; 12.7754; 0.727471; 1.75091e-06; 0
13; 250; 1.36561e+09; 1.37148e+09; 3117; 0.000527853; 12.5556; 0.72612; 0.00131219; 1
13; 251; 1.36561e+09; 1.37148e+09; 2656; 0.000527853; 12.5556; 0.72612; 0.00131219; 0
13; 252; 1.37335e+09; 1.37338e+09; 14; 2.67532e-06; 15.1601; 0.663566; 2.64533e-07; 1
13; 253; 1.37335e+09; 1.37338e+09; 11; 2.67532e-06; 15.1601; 0.663566; 2.64533e-07; 0
13; 254; 1.37356e+09; 1.37526e+09; 861; 0.000155311; 14.0304; 0.650686; 2.51201e-07; 1
13; 255; 1.37356e+09; 1.37526e+09; 736; 0.000155311; 14.0304; 0.650686; 2.51201e-07; 0
13; 256; 1.37536e+09; 1.37605e+09; 326; 6.38679e-05; 13.2432; 0.635707; 0.00230555; 1
13; 257; 1.37536e+09; 1.37605e+09; 283; 6.38679e-05; 13.2432; 0.635707; 0.00230555; 0
13; 258; 1.37632e+09; 1.37752e+09; 453; 9.32179e-05; 14.3699; 0.605695; 0.00612328; 1
13; 259; 1.37632e+09; 1.37752e+09; 439; 9.32179e-05; 14.3699; 0.605695; 0.00612328; 0
13; 260; 1.37762e+09; 1.37784e+09; 125; 2.00567e-05; 14.5276; 0.616659; 0.00381899; 1
13; 261; 1.37762e+09; 1.37784e+09; 105; 2.00567e-05; 14.5276; 0.616659; 0.00381899; 0
13; 262; 1.3784e+09; 1.38124e+09; 862; 0.000182355; 13.6881; 0.658774; 2.53175e-06; 1
13; 263; 1.3784e+09; 1.38124e+09; 726; 0.000182355; 13.6881; 0.658774; 2.53175e-06; 0
13; 264; 1.38132e+09; 1.38297e+09; 240; 0.000111237; 14.0837; 0.626849; 0.00359352; 1
13; 265; 1.38132e+09; 1.38297e+09; 193; 0.000111237; 14.0837; 0.626849; 0.00359352; 0
13; 266; 1.38306e+09; 1.38383e+09; 290; 6.4904e-05; 13.5607; 0.656848; 0.00527733; 1
13; 267; 1.38306e+09; 1.38383e+09; 246; 6.4904e-05; 13.5607; 0.656848; 0.00527733; 0
13; 268; 1.38503e+09; 1.38547e+09; 70; 3.78679e-05; 18.3551; 0.641507; -0.00531979; 1
13; 269; 1.38503e+09; 1.38547e+09; 70; 3.78679e-05; 18.3551; 0.641507; -0.00531979; 0
13; 270; 1.38574e+09; 1.38586e+09; 31; 1.06975e-05; 15.9595; 0.672533; -0.00352471; 1
13; 271; 1.38574e+09; 1.38586e+09; 27; 1.06975e-05; 15.9595; 0.672533; -0.00352471; 0
14; 272; 1.36274e+09; 1.36552e+09; 1093; 0.000247011; 14.124; 0.738631; 3.50925e-06; 1
14; 273; 1.36274e+09; 1.36552e+09; 1118; 0.000247011; 14.124; 0.738631; 3.50925e-06; 0
14; 274; 1.36561e+09; 1.37148e+09; 2442; 0.000531969; 14.864; 0.732324; 5.23832e-07; 1
14; 275; 1.36561e+09; 1.37148e+09; 2374; 0.000531969; 14.864; 0.732324; 5.23832e-07; 0
14; 276; 1.37335e+09; 1.37338e+09; 8; 2.69618e-06; 11.0511; 0.718946; -3.23353e-07; 1
14; 277; 1.37335e+09; 1.37338e+09; 9; 2.69618e-06; 11.0511; 0.718946; -3.23353e-07; 0
14; 278; 1.37356e+09; 1.37526e+09; 996; 0.000156522; 11.7164; 0.738449; -0.0025418; 1
14; 279; 1.37356e+09; 1.37526e+09; 974; 0.000156522; 11.7164; 0.738449; -0.0025418; 0
14; 280; 1.37536e+09; 1.37605e+09; 63; 6.43659e-05; 10.9288; 0.724263; 0.00250351; 1
14; 281; 1.37536e+09; 1.37605e+09; 72; 6.43659e-05; 10.9288; 0.724263; 0.00250351; 0
14; 282; 1.37632e+09; 1.37752e+09; 139; 9.39448e-05; 10.6227; 0.724098; 0.00504501; 1
14; 283; 1.37632e+09; 1.37752e+09; 99; 9.39448e-05; 10.6227; 0.724098; 0.00504501; 0
14; 284; 1.37762e+09; 1.37784e+09; 4; 2.02131e-05; 9.84223; 0.775967; 0.00434333; 1
14; 285; 1.37762e+09; 1.37784e+09; 8; 2.02131e-05; 9.84223; 0.775967; 0.00434333; 0
14; 286; 1.3784e+09; 1.38124e+09; 339; 0.000183776; 8.79894; 0.75408; 0.00804024; 1
14; 287; 1.3784e+09; 1.38124e+09; 270; 0.000183776; 8.79894; 0.75408; 0.00804024; 0
14; 288; 1.38132e+09; 1.38297e+09; 282; 0.000112105; 6.32922; 0.847307; 0.00369624; 1
14; 289; 1.38132e+09; 1.38297e+09; 172; 0.000112105; 6.32922; 0.847307; 0.00369624; 0
14; 290; 1.38306e+09; 1.38383e+09; 44; 6.54101e-05; 4.66417; 1.00293; 0.0110011; 1
14; 291; 1.38306e+09; 1.38383e+09; 31; 6.54101e-05; 4.66417; 1.00293; 0.0110011; 0
14; 292; 1.38503e+09; 1.38547e+09; 74; 3.81632e-05; 14.3857; 0.601901; 5.02689e-07; 1
14; 293; 1.38503e+09; 1.38547e+09; 74; 3.81632e-05; 14.3857; 0.601901; 5.02689e-07; 0
14; 294; 1.38574e+09; 1.38586e+09; 38; 1.07809e-05; 13.8019; 0.577596; -2.94785e-08; 1
14; 295; 1.38574e+09; 1.38586e+09; 25; 1.07809e-05; 13.8019; 0.577596; -2.94785e-08; 0
15; 296; 1.36274e+09; 1.36552e+09; 1409; 0.00024535; 11.9141; 0.599086; 1.27535e-07; 1
15; 297; 1.36274e+09; 1.36552e+09; 1416; 0.00024535; 11.9141; 0.599086; 1.27535e-07; 0
15; 298; 1.36561e+09; 1.37148e+09; 3188; 0.000528393; 12.0196; 0.593748; -2.38258e-07; 1
15; 299; 1.36561e+09; 1.37148e+09; 3315; 0.000528393; 12.0196; 0.593748; -2.38258e-07; 0
15; 300; 1.37335e+09; 1.37338e+09; 10; 2.67806e-06; 13.475; 0.492035; 5.3764e-07; 1
15; 301; 1.37335e+09; 1.37338e+09; 23; 2.67806e-06; 13.475; 0.492035; 5.3764e-07; 0
15; 302; 1.37356e+09; 1.37526e+09; 755; 0.00015547; 12.1683; 0.528756; -4.06691e-07; 1
15; 303; 1.37356e+09; 1.37526e+09; 758; 0.00015547; 12.1683; 0.528756; -4.06691e-07; 0
15; 304; 1.37536e+09; 1.37605e+09; 92; 6.39332e-05; 10.8326; 0.57072; 0.00156993; 1
15; 305; 1.37536e+09; 1.37605e+09; 63; 6.39332e-05; 10.8326; 0.57072; 0.00156993; 0
15; 306; 1.37632e+09; 1.37752e+09; 139; 9.33133e-05; 10.6799; 0.61346; 0.00157128; 1
15; 307; 1.37632e+09; 1.37752e+09; 134; 9.33133e-05; 10.6799; 0.61346; 0.00157128; 0
15; 308; 1.37762e+09; 1.37784e+09; 19; 2.00773e-05; 10.604; 0.595849; 1.13989e-06; 1
15; 309; 1.37762e+09; 1.37784e+09; 27; 2.00773e-05; 10.604; 0.595849; 1.13989e-06; 0
15; 310; 1.3784e+09; 1.38124e+09; 457; 0.000182541; 10.6039; 0.568741; 1.21741e-07; 1
15; 311; 1.3784e+09; 1.38124e+09; 420; 0.000182541; 10.6039; 0.568741; 1.21741e-07; 0
15; 312; 1.38132e+09; 1.38297e+09; 299; 0.000111351; 11.1907; 0.568201; 2.29598e-07; 1
15; 313; 1.38132e+09; 1.38297e+09; 229; 0.000111351; 11.1907; 0.568201; 2.29598e-07; 0
15; 314; 1.38306e+09; 1.38383e+09; 74; 6.49705e-05; 10.3997; 0.641789; 6.30065e-07; 1
15; 315; 1.38306e+09; 1.38383e+09; 54; 6.49705e-05; 10.3997; 0.641789; 6.30065e-07; 0
15; 316; 1.38503e+09; 1.38547e+09; 96; 3.79067e-05; 15.7764; 0.511404; 0.000398028; 1
15; 317; 1.38503e+09; 1.38547e+09; 84; 3.79067e-05; 15.7764; 0.511404; 0.000398028; 0
15; 318; 1.38574e+09; 1.38586e+09; 43; 1.07084e-05; 15.1833; 0.484439; 0.000399277; 1
15; 319; 1.38574e+09; 1.38586e+09; 38; 1.07084e-05; 15.1833; 0.484439; 0.000399277; 0
16; 320; 1.36274e+09; 1.36552e+09; 895; 0.000246965; 22.6257; 0.737041; 3.11674e-07; 1
16; 321; 1.36274e+09; 1.36552e+09; 957; 0.000246965; 22.6257; 0.737041; 3.11674e-07; 0
16; 322; 1.36561e+09; 1.37148e+09; 1811; 0.00053187; 22.8351; 0.730674; 3.01653e-07; 1
16; 323; 1.36561e+09; 1.37148e+09; 1913; 0.00053187; 22.8351; 0.730674; 3.01653e-07; 0
16; 324; 1.37335e+09; 1.37338e+09; 10; 2.69568e-06; 21.0801; 0.696038; 1.12555e-06; 1
16; 325; 1.37335e+09; 1.37338e+09; 12; 2.69568e-06; 21.0801; 0.696038; 1.12555e-06; 0
16; 326; 1.37356e+09; 1.37526e+09; 481; 0.000156493; 21.4008; 0.764449; 8.02641e-07; 1
16; 327; 1.37356e+09; 1.37526e+09; 485; 0.000156493; 21.4008; 0.764449; 8.02641e-07; 0
16; 328; 1.37536e+09; 1.37605e+09; 67; 6.43539e-05; 20.1664; 0.844194; -3.06385e-07; 1
16; 329; 1.37536e+09; 1.37605e+09; 30; 6.43539e-05; 20.1664; 0.844194; -3.06385e-07; 0
16; 330; 1.37632e+09; 1.37752e+09; 101; 9.39273e-05; 19.292; 0.886668; 1.47304e-06; 1
16; 331; 1.37632e+09; 1.37752e+09; 60; 9.39273e-05; 19.292; 0.886668; 1.47304e-06; 0
16; 332; 1.37762e+09; 1.37784e+09; 25; 2.02094e-05; 19.2097; 0.861637; 1.64362e-06; 1
16; 333; 1.37762e+09; 1.37784e+09; 12; 2.02094e-05; 19.2097; 0.861637; 1.64362e-06; 0
16; 334; 1.3784e+09; 1.38124e+09; 448; 0.000183742; 19.2198; 0.801953; 2.32907e-06; 1
16; 335; 1.3784e+09; 1.38124e+09; 316; 0.000183742; 19.2198; 0.801953; 2.32907e-06; 0
16; 336; 1.38132e+09; 1.38297e+09; 111; 0.000112084; 20.159; 0.871748; 2.38258e-06; 1
16; 337; 1.38132e+09; 1.38297e+09; 118; 0.000112084; 20.159; 0.871748; 2.38258e-06; 0
16; 338; 1.38306e+09; 1.38383e+09; 13; 6.5398e-05; 19.7003; 0.949861; 0.00137111; 1
16; 339; 1.38306e+09; 1.38383e+09; 16; 6.5398e-05; 19.7003; 0.949861; 0.00137111; 0
16; 340; 1.38503e+09; 1.38547e+09; 3; 3.81561e-05; 21.3233; 0.780588; 1.41932e-06; 1
16; 341; 1.38503e+09; 1.38547e+09; 4; 3.81561e-05; 21.3233; 0.780588; 1.41932e-06; 0
16; 342; 1.38574e+09; 1.38586e+09; 5; 1.07789e-05; 20.5379; 0.731523; 1.72186e-06; 1
16; 343; 1.38574e+09; 1.38586e+09; 1; 1.07789e-05; 20.5379; 0.731523; 1.72186e-06; 0
17; 344; 1.36274e+09; 1.36552e+09; 535; 0.000253489; 12.2867; 0.7674; 0.0115217; 1
17; 345; 1.36274e+09; 1.36552e+09; 515; 0.000253489; 12.2867; 0.7674; 0.0115217; 0
17; 346; 1.36561e+09; 1.37149e+09; 1018; 0.000530451; 11.8525; 0.777412; 0.0115218; 1
17; 347; 1.36561e+09; 1.37149e+09; 1013; 0.000530451; 11.8525; 0.777412; 0.0115218; 0
17; 348; 1.37335e+09; 1.37338e+09; 5; 2.67911e-06; 10.3697; 0.84486; -1.00039e-07; 1
17; 349; 1.37335e+09; 1.37338e+09; 7; 2.67911e-06; 10.3697; 0.84486; -1.00039e-07; 0
17; 350; 1.37356e+09; 1.37526e+09; 247; 0.000155533; 9.54771; 0.878504; 6.06757e-07; 1
17; 351; 1.37356e+09; 1.37526e+09; 266; 0.000155533; 9.54771; 0.878504; 6.06757e-07; 0
17; 352; 1.37536e+09; 1.37605e+09; 140; 6.39556e-05; 11.0712; 0.801037; 0.0057892; 1
17; 353; 1.37536e+09; 1.37605e+09; 101; 6.39556e-05; 11.0712; 0.801037; 0.0057892; 0
17; 354; 1.37632e+09; 1.37752e+09; 204; 0.000108072; 11.6181; 0.801027; 0.00877488; 1
17; 355; 1.37632e+09; 1.37752e+09; 178; 0.000108072; 11.6181; 0.801027; 0.00877488; 0
17; 356; 1.37762e+09; 1.37784e+09; 38; 2.00851e-05; 10.6416; 0.878486; 0.00597196; 1
17; 357; 1.37762e+09; 1.37784e+09; 29; 2.00851e-05; 10.6416; 0.878486; 0.00597196; 0
17; 358; 1.3784e+09; 1.38124e+09; 367; 0.000185265; 10.5728; 0.847109; 0.00862428; 1
17; 359; 1.3784e+09; 1.38124e+09; 406; 0.000185265; 10.5728; 0.847109; 0.00862428; 0
17; 360; 1.38132e+09; 1.38297e+09; 212; 0.000117188; 9.93936; 0.851967; 0.0104141; 1
17; 361; 1.38132e+09; 1.38297e+09; 214; 0.000117188; 9.93936; 0.851967; 0.0104141; 0
17; 362; 1.38306e+09; 1.38383e+09; 113; 6.49825e-05; 8.36407; 0.918452; 0.00477685; 1
17; 363; 1.38306e+09; 1.38383e+09; 111; 6.49825e-05; 8.36407; 0.918452; 0.00477685; 0
17; 364; 1.38503e+09; 1.38547e+09; 17; 3.90285e-05; 12.8244; 0.790273; -2.83096e-07; 1
17; 365; 1.38503e+09; 1.38547e+09; 2; 3.90285e-05; 12.8244; 0.790273; -2.83096e-07; 0
17; 366; 1.38574e+09; 1.38586e+09; 8; 1.07126e-05; 11.6785; 0.763778; 0.000733244; 1
17; 367; 1.38574e+09; 1.38586e+09; 0; 1.07126e-05; 11.6785; 0.763778; 0.000733244; 0
18; 368; 1.36274e+09; 1.36552e+09; 758; 0.000253697; 10.4237; 0.420544; 0.00913797; 1
18; 369; 1.36274e+09; 1.36552e+09; 779; 0.000253697; 10.4237; 0.420544; 0.00913797; 0
18; 370; 1.36561e+09; 1.37149e+09; 1460; 0.000530885; 10.6295; 0.68309; 0.00461571; 1
18; 371; 1.36561e+09; 1.37149e+09; 1509; 0.000530885; 10.6295; 0.68309; 0.00461571; 0
18; 372; 1.37335e+09; 1.37338e+09; 6; 2.68131e-06; 11.8648; 0.72513; 0.00212244; 1
18; 373; 1.37335e+09; 1.37338e+09; 8; 2.68131e-06; 11.8648; 0.72513; 0.00212244; 0
18; 374; 1.37356e+09; 1.37526e+09; 339; 0.00015566; 12.8726; 0.514185; 0.00424484; 1
18; 375; 1.37356e+09; 1.37526e+09; 342; 0.00015566; 12.8726; 0.514185; 0.00424484; 0
18; 376; 1.37536e+09; 1.37605e+09; 137; 6.40079e-05; 12.8915; 0.451069; -0.00203164; 1
18; 377; 1.37536e+09; 1.37605e+09; 159; 6.40079e-05; 12.8915; 0.451069; -0.00203164; 0
18; 378; 1.37632e+09; 1.37752e+09; 227; 0.000108161; 12.9358; 0.434748; -0.00187808; 1
18; 379; 1.37632e+09; 1.37752e+09; 271; 0.000108161; 12.9358; 0.434748; -0.00187808; 0
18; 380; 1.37762e+09; 1.37784e+09; 46; 2.01016e-05; 11.5847; 0.493808; -0.000934766; 1
18; 381; 1.37762e+09; 1.37784e+09; 46; 2.01016e-05; 11.5847; 0.493808; -0.000934766; 0
18; 382; 1.3784e+09; 1.38124e+09; 367; 0.000185417; 9.91183; 0.514191; -0.00512332; 1
18; 383; 1.3784e+09; 1.38124e+09; 398; 0.000185417; 9.91183; 0.514191; -0.00512332; 0
18; 384; 1.38132e+09; 1.38297e+09; 249; 0.000117284; 9.61536; 0.522311; -0.00382515; 1
18; 385; 1.38132e+09; 1.38297e+09; 269; 0.000117284; 9.61536; 0.522311; -0.00382515; 0
18; 386; 1.38306e+09; 1.38383e+09; 139; 6.50356e-05; 10.5358; 0.445653; -0.00790103; 1
18; 387; 1.38306e+09; 1.38383e+09; 152; 6.50356e-05; 10.5358; 0.445653; -0.00790103; 0
18; 388; 1.38503e+09; 1.38547e+09; 30; 3.90604e-05; 11.9071; 0.613725; 8.24142e-09; 1
18; 389; 1.38503e+09; 1.38547e+09; 34; 3.90604e-05; 11.9071; 0.613725; 8.24142e-09; 0
18; 390; 1.38574e+09; 1.38586e+09; 6; 1.07214e-05; 11.4638; 0.580315; 7.31383e-07; 1
18; 391; 1.38574e+09; 1.38586e+09; 8; 1.07214e-05; 11.4638; 0.580315; 7.31383e-07; 0
19; 392; 1.36274e+09; 1.36552e+09; 685; 0.000253878; 9.8366; 0.369013; 0.00724101; 1
19; 393; 1.36274e+09; 1.36552e+09; 707; 0.000253878; 9.8366; 0.369013; 0.00724101; 0
19; 394; 1.36561e+09; 1.37149e+09; 1455; 0.000531265; 10.6622; 0.363141; 0.00640414; 1
19; 395; 1.36561e+09; 1.37149e+09; 1356; 0.000531265; 10.6622; 0.363141; 0.00640414; 0
19; 396; 1.37335e+09; 1.37752e+09; 747; 0.000330746; 11.0868; 0.3607; 0.00608966; 1
19; 397; 1.37335e+09; 1.37752e+09; 704; 0.000330746; 11.0868; 0.3607; 0.00608966; 0
19; 398; 1.37762e+09; 1.37784e+09; 53; 2.01159e-05; 11.4472; 0.402655; 0.00304437; 1
19; 399; 1.37762e+09; 1.37784e+09; 40; 2.01159e-05; 11.4472; 0.402655; 0.00304437; 0
19; 400; 1.3784e+09; 1.38383e+09; 860; 0.000367999; 11.8076; 0.44461; -9.23043e-07; 1
19; 401; 1.3784e+09; 1.38383e+09; 819; 0.000367999; 11.8076; 0.44461; -9.23043e-07; 0
19; 402; 1.38503e+09; 1.38547e+09; 58; 3.90884e-05; 14.8482; 0.477524; -0.0012343; 1
19; 403; 1.38503e+09; 1.38547e+09; 44; 3.90884e-05; 14.8482; 0.477524; -0.0012343; 0
19; 404; 1.38574e+09; 1.38586e+09; 14; 1.07291e-05; 14.2129; 0.460869; -0.00123445; 1
19; 405; 1.38574e+09; 1.38586e+09; 18; 1.07291e-05; 14.2129; 0.460869; -0.00123445; 0
20; 406; 1.36274e+09; 1.36552e+09; 562; 0.000253839; 17.4082; 0.648506; 2.31086e-07; 1
20; 407; 1.36274e+09; 1.36552e+09; 556; 0.000253839; 17.4082; 0.648506; 2.31086e-07; 0
20; 408; 1.36561e+09; 1.37149e+09; 1205; 0.000531183; 18.0136; 0.633604; 0.00173035; 1
20; 409; 1.36561e+09; 1.37149e+09; 1209; 0.000531183; 18.0136; 0.633604; 0.00173035; 0
20; 410; 1.37335e+09; 1.37338e+09; 4; 2.68281e-06; 16.9605; 0.619659; 1.18044e-07; 1
20; 411; 1.37335e+09; 1.37338e+09; 6; 2.68281e-06; 16.9605; 0.619659; 1.18044e-07; 0
20; 412; 1.37356e+09; 1.37526e+09; 305; 0.000155747; 16.5566; 0.655122; 5.63456e-08; 1
20; 413; 1.37356e+09; 1.37526e+09; 342; 0.000155747; 16.5566; 0.655122; 5.63456e-08; 0
20; 414; 1.37536e+09; 1.37605e+09; 129; 6.40439e-05; 17.2936; 0.663842; 0.00156665; 1
20; 415; 1.37536e+09; 1.37605e+09; 156; 6.40439e-05; 17.2936; 0.663842; 0.00156665; 0
20; 416; 1.37632e+09; 1.37752e+09; 249; 0.000108221; 17.9245; 0.678711; 0.00156665; 1
20; 417; 1.37632e+09; 1.37752e+09; 232; 0.000108221; 17.9245; 0.678711; 0.00156665; 0
20; 418; 1.37762e+09; 1.37784e+09; 47; 2.01129e-05; 16.8409; 0.681891; 0.00248942; 1
20; 419; 1.37762e+09; 1.37784e+09; 49; 2.01129e-05; 16.8409; 0.681891; 0.00248942; 0
20; 420; 1.3784e+09; 1.38124e+09; 424; 0.000185521; 16.9866; 0.642832; 0.00248956; 1
20; 421; 1.3784e+09; 1.38124e+09; 456; 0.000185521; 16.9866; 0.642832; 0.00248956; 0
20; 422; 1.38132e+09; 1.38297e+09; 261; 0.00011735; 17.3544; 0.67977; 5.21172e-07; 1
20; 423; 1.38132e+09; 1.38297e+09; 250; 0.00011735; 17.3544; 0.67977; 5.21172e-07; 0
20; 424; 1.38306e+09; 1.38383e+09; 130; 6.50722e-05; 16.662; 0.716491; 4.46947e-07; 1
20; 425; 1.38306e+09; 1.38383e+09; 160; 6.50722e-05; 16.662; 0.716491; 4.46947e-07; 0
20; 426; 1.38503e+09; 1.38547e+09; 18; 3.90824e-05; 19.9083; 0.658606; 1.53648e-06; 1
20; 427; 1.38503e+09; 1.38547e+09; 18; 3.90824e-05; 19.9083; 0.658606; 1.53648e-06; 0
20; 428; 1.38574e+09; 1.38586e+09; 4; 1.07274e-05; 19.7122; 0.563491; 0.00382911; 1
20; 429; 1.38574e+09; 1.38586e+09; 3; 1.07274e-05; 19.7122; 0.563491; 0.00382911; 0
21; 430; 1.36274e+09; 1.36552e+09; 1067; 0.000253377; 8.61523; 0.583374; 0.000552248; 1
21; 431; 1.36274e+09; 1.36552e+09; 1051; 0.000253377; 8.61523; 0.583374; 0.000552248; 0
21; 432; 1.36561e+09; 1.37149e+09; 2065; 0.000527539; 8.61492; 0.567391; 0.000552299; 1
21; 433; 1.36561e+09; 1.37149e+09; 2087; 0.000527539; 8.61492; 0.567391; 0.000552299; 0
21; 434; 1.37335e+09; 1.37338e+09; 13; 2.67793e-06; 9.36522; 0.581157; 4.73241e-07; 1
21; 435; 1.37335e+09; 1.37338e+09; 14; 2.67793e-06; 9.36522; 0.581157; 4.73241e-07; 0
21; 436; 1.37356e+09; 1.37526e+09; 499; 0.000155464; 9.23213; 0.565595; 7.26227e-07; 1
21; 437; 1.37356e+09; 1.37526e+09; 521; 0.000155464; 9.23213; 0.565595; 7.26227e-07; 0
21; 438; 1.37536e+09; 1.37605e+09; 204; 6.39273e-05; 9.69927; 0.510307; 0.00220652; 1
21; 439; 1.37536e+09; 1.37605e+09; 188; 6.39273e-05; 9.69927; 0.510307; 0.00220652; 0
21; 440; 1.37632e+09; 1.37752e+09; 329; 9.4641e-05; 9.69325; 0.539799; 0.0022063; 1
21; 441; 1.37632e+09; 1.37752e+09; 335; 9.4641e-05; 9.69325; 0.539799; 0.0022063; 0
21; 442; 1.37762e+09; 1.37784e+09; 56; 2.00762e-05; 9.15433; 0.591183; 0.00294262; 1
21; 443; 1.37762e+09; 1.37784e+09; 73; 2.00762e-05; 9.15433; 0.591183; 0.00294262; 0
21; 444; 1.3784e+09; 1.38124e+09; 727; 0.000185183; 9.70653; 0.523707; 0.00294259; 1
21; 445; 1.3784e+09; 1.38124e+09; 790; 0.000185183; 9.70653; 0.523707; 0.00294259; 0
21; 446; 1.38132e+09; 1.38297e+09; 506; 0.000117136; 9.81785; 0.52644; 0.00173604; 1
21; 447; 1.38132e+09; 1.38297e+09; 511; 0.000117136; 9.81785; 0.52644; 0.00173604; 0
21; 448; 1.38306e+09; 1.38383e+09; 228; 6.49537e-05; 9.31394; 0.575404; 0.00347216; 1
21; 449; 1.38306e+09; 1.38383e+09; 227; 6.49537e-05; 9.31394; 0.575404; 0.00347216; 0
21; 450; 1.38503e+09; 1.38547e+09; 83; 3.84407e-05; 11.6382; 0.584858; 1.38543e-08; 1
21; 451; 1.38503e+09; 1.38547e+09; 75; 3.84407e-05; 11.6382; 0.584858; 1.38543e-08; 0
21; 452; 1.38574e+09; 1.38586e+09; 30; 1.07079e-05; 11.2155; 0.549626; 6.94839e-09; 1
21; 453; 1.38574e+09; 1.38586e+09; 27; 1.07079e-05; 11.2155; 0.549626; 6.94839e-09; 0
22; 454; 1.36274e+09; 1.36552e+09; 970; 0.000252824; 15.098; 0.41363; 0.00637076; 1
22; 455; 1.36274e+09; 1.36552e+09; 875; 0.000252824; 15.098; 0.41363; 0.00637076; 0
22; 456; 1.36561e+09; 1.37149e+09; 1665; 0.000526388; 15.4253; 0.418772; 0.0060222; 1
22; 457; 1.36561e+09; 1.37149e+09; 1569; 0.000526388; 15.4253; 0.418772; 0.0060222; 0
22; 458; 1.37335e+09; 1.37338e+09; 10; 2.67208e-06; 18.8469; 0.709473; -8.40763e-09; 1
22; 459; 1.37335e+09; 1.37338e+09; 7; 2.67208e-06; 18.8469; 0.709473; -8.40763e-09; 0
22; 460; 1.37356e+09; 1.37526e+09; 489; 0.000155125; 17.094; 0.717205; -2.79839e-07; 1
22; 461; 1.37356e+09; 1.37526e+09; 456; 0.000155125; 17.094; 0.717205; -2.79839e-07; 0
22; 462; 1.37536e+09; 1.37605e+09; 181; 6.37878e-05; 17.1714; 0.646999; -6.21034e-07; 1
22; 463; 1.37536e+09; 1.37605e+09; 203; 6.37878e-05; 17.1714; 0.646999; -6.21034e-07; 0
22; 464; 1.37632e+09; 1.37752e+09; 273; 9.44345e-05; 17.6295; 0.633286; -3.07853e-07; 1
22; 465; 1.37632e+09; 1.37752e+09; 269; 9.44345e-05; 17.6295; 0.633286; -3.07853e-07; 0
22; 466; 1.37762e+09; 1.37784e+09; 70; 2.00324e-05; 17.5264; 0.606597; -0.00103267; 1
22; 467; 1.37762e+09; 1.37784e+09; 55; 2.00324e-05; 17.5264; 0.606597; -0.00103267; 0
22; 468; 1.3784e+09; 1.38124e+09; 458; 0.000184779; 18.843; 0.551614; -0.00103271; 1
22; 469; 1.3784e+09; 1.38124e+09; 455; 0.000184779; 18.843; 0.551614; -0.00103271; 0
22; 470; 1.38132e+09; 1.38297e+09; 291; 0.000116881; 17.9897; 0.669074; -1.67791e-07; 1
22; 471; 1.38132e+09; 1.38297e+09; 294; 0.000116881; 17.9897; 0.669074; -1.67791e-07; 0
22; 472; 1.38306e+09; 1.38383e+09; 184; 6.4812e-05; 16.9155; 0.7091; -1.9908e-07; 1
22; 473; 1.38306e+09; 1.38383e+09; 202; 6.4812e-05; 16.9155; 0.7091; -1.9908e-07; 0
22; 474; 1.38503e+09; 1.38547e+09; 110; 3.83569e-05; 19.2648; 0.683638; -1.19279e-07; 1
22; 475; 1.38503e+09; 1.38547e+09; 90; 3.83569e-05; 19.2648; 0.683638; -1.19279e-07; 0
22; 476; 1.38574e+09; 1.38586e+09; 22; 1.06845e-05; 18.1939; 0.686459; -3.87118e-07; 1
22; 477; 1.38574e+09; 1.38586e+09; 24; 1.06845e-05; 18.1939; 0.686459; -3.87118e-07; 0
23; 478; 1.37335e+09; 1.37338e+09; 11; 2.69537e-06; 10.5225; 0.63032; -4.6475e-07; 1
23; 479; 1.37335e+09; 1.37338e+09; 8; 2.69537e-06; 10.5225; 0.63032; -4.6475e-07; 0
23; 480; 1.37356e+09; 1.37526e+09; 473; 0.000156476; 5.63835; 0.641236; 0.00133473; 1
23; 481; 1.37356e+09; 1.37526e+09; 481; 0.000156476; 5.63835; 0.641236; 0.00133473; 0
23; 482; 1.37536e+09; 1.37605e+09; 177; 6.43436e-05; 5.7271; 0.573477; -0.00259526; 1
23; 483; 1.37536e+09; 1.37605e+09; 177; 6.43436e-05; 5.7271; 0.573477; -0.00259526; 0
23; 484; 1.37632e+09; 1.37752e+09; 267; 9.52573e-05; 11.5714; 0.482224; -0.00810602; 1
23; 485; 1.37632e+09; 1.37752e+09; 291; 9.52573e-05; 11.5714; 0.482224; -0.00810602; 0
23; 486; 1.37762e+09; 1.37784e+09; 37; 2.0207e-05; 5.8443; 0.563773; -0.00246666; 1
23; 487; 1.37762e+09; 1.37784e+09; 49; 2.0207e-05; 5.8443; 0.563773; -0.00246666; 0
23; 488; 1.3784e+09; 1.38124e+09; 531; 0.000186389; 5.07586e-06; 0.657869; 0.00341828; 1
23; 489; 1.3784e+09; 1.38124e+09; 528; 0.000186389; 5.07586e-06; 0.657869; 0.00341828; 0
23; 490; 1.38132e+09; 1.38297e+09; 306; 0.000117899; 4.02488; 0.657546; 0.00170898; 1
23; 491; 1.38132e+09; 1.38297e+09; 327; 0.000117899; 4.02488; 0.657546; 0.00170898; 0
23; 492; 1.38306e+09; 1.38383e+09; 201; 6.53766e-05; 8.04975; 0.657223; -3.25686e-07; 1
23; 493; 1.38306e+09; 1.38383e+09; 204; 6.53766e-05; 8.04975; 0.657223; -3.25686e-07; 0
23; 494; 1.38503e+09; 1.38547e+09; 111; 3.8691e-05; 11.8186; 0.490201; -0.00830334; 1
23; 495; 1.38503e+09; 1.38547e+09; 105; 3.8691e-05; 11.8186; 0.490201; -0.00830334; 0
23; 496; 1.38574e+09; 1.38586e+09; 35; 1.07776e-05; 11.3978; 0.428267; -0.00888223; 1
23; 497; 1.38574e+09; 1.38586e+09; 29; 1.07776e-05; 11.3978; 0.428267; -0.00888223; 0
24; 498; 1.36274e+09; 1.36552e+09; 1020; 0.000278972; 8.86337; 0.800147; 0.046118; 1
24; 499; 1.36274e+09; 1.36552e+09; 1096; 0.000278972; 8.86337; 0.800147; 0.046118; 0
24; 500; 1.36561e+09; 1.37149e+09; 2049; 0.000580829; 9.18885; 0.730675; 0.0473071; 1
24; 501; 1.36561e+09; 1.37149e+09; 2128; 0.000580829; 9.18885; 0.730675; 0.0473071; 0
24; 502; 1.37335e+09; 1.37338e+09; 7; 2.94844e-06; 9.83867; 0.692489; 0.0507125; 1
24; 503; 1.37335e+09; 1.37338e+09; 21; 2.94844e-06; 9.83867; 0.692489; 0.0507125; 0
24; 504; 1.37356e+09; 1.37526e+09; 702; 0.000171168; 5.24435; 0.887142; 0.0422671; 1
24; 505; 1.37356e+09; 1.37526e+09; 693; 0.000171168; 5.24435; 0.887142; 0.0422671; 0
24; 506; 1.37536e+09; 1.37605e+09; 231; 7.0385e-05; 0.000448121; 1.19972; 0.0326205; 1
24; 507; 1.37536e+09; 1.37605e+09; 276; 7.0385e-05; 0.000448121; 1.19972; 0.0326205; 0
24; 508; 1.37632e+09; 1.37752e+09; 329; 0.000104201; 0.507657; 1.05869; 0.0419734; 1
24; 509; 1.37632e+09; 1.37752e+09; 440; 0.000104201; 0.507657; 1.05869; 0.0419734; 0
24; 510; 1.37762e+09; 1.37784e+09; 76; 2.21043e-05; 1.01463; 0.837916; 0.049122; 1
24; 511; 1.37762e+09; 1.37784e+09; 107; 2.21043e-05; 1.01463; 0.837916; 0.049122; 0
24; 512; 1.3784e+09; 1.38124e+09; 852; 0.000203889; 2.13806; 0.901705; 0.0411834; 1
24; 513; 1.3784e+09; 1.38124e+09; 1073; 0.000203889; 2.13806; 0.901705; 0.0411834; 0
24; 514; 1.38132e+09; 1.38297e+09; 539; 0.000128969; 2.07622; 0.964871; 0.0366283; 1
24; 515; 1.38132e+09; 1.38297e+09; 663; 0.000128969; 2.07622; 0.964871; 0.0366283; 0
24; 516; 1.38306e+09; 1.38383e+09; 260; 7.1515e-05; 0.445393; 1.04383; 0.0340679; 1
24; 517; 1.38306e+09; 1.38383e+09; 307; 7.1515e-05; 0.445393; 1.04383; 0.0340679; 0
24; 518; 1.38503e+09; 1.38547e+09; 62; 3.74814e-05; 5.40892; 0.916199; 0.00775497; 1
24; 519; 1.38503e+09; 1.38547e+09; 75; 3.74814e-05; 5.40892; 0.916199; 0.00775497; 0
24; 520; 1.38574e+09; 1.38586e+09; 16; 1.04407e-05; 7.33372; 0.812429; 0.0152978; 1
24; 521; 1.38574e+09; 1.38586e+09; 23; 1.04407e-05; 7.33372; 0.812429; 0.0152978; 0
25; 522; 1.37335e+09; 1.37338e+09; 13; 2.68322e-06; 9.37235; 0.600545; 0.00380983; 1
25; 523; 1.37335e+09; 1.37338e+09; 6; 2.68322e-06; 9.37235; 0.600545; 0.00380983; 0
25; 524; 1.37356e+09; 1.37526e+09; 653; 0.000155771; 8.78164; 0.58893; 0.000247207; 1
25; 525; 1.37356e+09; 1.37526e+09; 631; 0.000155771; 8.78164; 0.58893; 0.000247207; 0
25; 526; 1.37536e+09; 1.37605e+09; 264; 6.40538e-05; 4.31318; 0.667291; -0.00205498; 1
25; 527; 1.37536e+09; 1.37605e+09; 267; 6.40538e-05; 4.31318; 0.667291; -0.00205498; 0
25; 528; 1.37632e+09; 1.37752e+09; 466; 0.000108238; 4.41461; 0.704057; 0.00366474; 1
25; 529; 1.37632e+09; 1.37752e+09; 453; 0.000108238; 4.41461; 0.704057; 0.00366474; 0
25; 530; 1.37762e+09; 1.37784e+09; 86; 2.01159e-05; 8.87945; 0.622662; 0.00724938; 1
25; 531; 1.37762e+09; 1.37784e+09; 88; 2.01159e-05; 8.87945; 0.622662; 0.00724938; 0
25; 532; 1.3784e+09; 1.37942e+09; 372; 8.98633e-05; 10.2015; 0.425145; -0.00355665; 1
25; 533; 1.3784e+09; 1.37942e+09; 304; 8.98633e-05; 10.2015; 0.425145; -0.00355665; 0
25; 534; 1.38132e+09; 1.38383e+09; 742; 0.00018245; 11.4741; 0.252032; -0.0172965; 1
25; 535; 1.38132e+09; 1.38383e+09; 676; 0.00018245; 11.4741; 0.252032; -0.0172965; 0
25; 536; 1.38503e+09; 1.38547e+09; 103; 3.62908e-05; 8.92892; 0.598259; 0.0101832; 1
25; 537; 1.38503e+09; 1.38547e+09; 105; 3.62908e-05; 8.92892; 0.598259; 0.0101832; 0
25; 538; 1.38574e+09; 1.38586e+09; 32; 1.07291e-05; 8.64868; 0.603279; 0.00675501; 1
25; 539; 1.38574e+09; 1.38586e+09; 46; 1.07291e-05; 8.64868; 0.603279; 0.00675501; 0
26; 540; 1.36274e+09; 1.37149e+09; 3458; 0.000739968; 12.2168; 0.495711; -8.4336e-08; 1
26; 541; 1.36274e+09; 1.37149e+09; 3005; 0.000739968; 12.2168; 0.495711; -8.4336e-08; 0
26; 542; 1.37335e+09; 1.37338e+09; 6; 2.68322e-06; 6.78155; 0.538463; 0.00550892; 1
26; 543; 1.37335e+09; 1.37338e+09; 9; 2.68322e-06; 6.78155; 0.538463; 0.00550892; 0
26; 544; 1.37356e+09; 1.37526e+09; 646; 0.000155771; 8.27864; 0.471626; 0.00776174; 1
26; 545; 1.37356e+09; 1.37526e+09; 586; 0.000155771; 8.27864; 0.471626; 0.00776174; 0
26; 546; 1.37536e+09; 1.37605e+09; 239; 6.40538e-05; 11.1878; 0.359669; 0.000784215; 1
26; 547; 1.37536e+09; 1.37605e+09; 240; 6.40538e-05; 11.1878; 0.359669; 0.000784215; 0
26; 548; 1.37632e+09; 1.37752e+09; 420; 0.000108238; 10.3341; 0.392243; -0.000634088; 1
26; 549; 1.37632e+09; 1.37752e+09; 349; 0.000108238; 10.3341; 0.392243; -0.000634088; 0
26; 550; 1.37762e+09; 1.37784e+09; 78; 2.01159e-05; 8.71839; 0.494027; 0.00182597; 1
26; 551; 1.37762e+09; 1.37784e+09; 74; 2.01159e-05; 8.71839; 0.494027; 0.00182597; 0
26; 552; 1.3784e+09; 1.37942e+09; 311; 8.98633e-05; 8.33612; 0.536889; -0.00209696; 1
26; 553; 1.3784e+09; 1.37942e+09; 281; 8.98633e-05; 8.33612; 0.536889; -0.00209696; 0
26; 554; 1.38132e+09; 1.38297e+09; 383; 0.000117368; 8.46538; 0.532247; 1.4337e-06; 1
26; 555; 1.38132e+09; 1.38297e+09; 372; 0.000117368; 8.46538; 0.532247; 1.4337e-06; 0
26; 556; 1.38306e+09; 1.38383e+09; 245; 6.50821e-05; 8.122; 0.509731; 0.00371557; 1
26; 557; 1.38306e+09; 1.38383e+09; 234; 6.50821e-05; 8.122; 0.509731; 0.00371557; 0
26; 558; 1.38503e+09; 1.38547e+09; 168; 3.62908e-05; 9.8516; 0.534179; -0.00479536; 1
26; 559; 1.38503e+09; 1.38547e+09; 129; 3.62908e-05; 9.8516; 0.534179; -0.00479536; 0
26; 560; 1.38574e+09; 1.38586e+09; 43; 1.07291e-05; 8.6132; 0.553067; -0.0040567; 1
26; 561; 1.38574e+09; 1.38586e+09; 35; 1.07291e-05; 8.6132; 0.553067; -0.0040567; 0
27; 562; 1.36274e+09; 1.37338e+09; 2753; 0.000742651; 1.21678; 0.0618829; 0.00157362; 1
27; 563; 1.36274e+09; 1.37338e+09; 2968; 0.000742651; 1.21678; 0.0618829; 0.00157362; 0
27; 564; 1.37356e+09; 1.37526e+09; 403; 0.000155771; 6.41294; 0.226694; -0.00414819; 1
27; 565; 1.37356e+09; 1.37526e+09; 446; 0.000155771; 6.41294; 0.226694; -0.00414819; 0
27; 566; 1.37536e+09; 1.37605e+09; 167; 6.40538e-05; 12.3703; 0.308653; -0.0107744; 1
27; 567; 1.37536e+09; 1.37605e+09; 202; 6.40538e-05; 12.3703; 0.308653; -0.0107744; 0
27; 568; 1.37632e+09; 1.37752e+09; 305; 0.000108238; 11.5084; 0.340252; -3.68601e-05; 1
27; 569; 1.37632e+09; 1.37752e+09; 315; 0.000108238; 11.5084; 0.340252; -3.68601e-05; 0
27; 570; 1.37762e+09; 1.37784e+09; 48; 2.01159e-05; 11.7236; 0.284773; 0.0117325; 1
27; 571; 1.37762e+09; 1.37784e+09; 58; 2.01159e-05; 11.7236; 0.284773; 0.0117325; 0
27; 572; 1.3784e+09; 1.37942e+09; 222; 8.98633e-05; 11.3671; 0.352638; 0.00593062; 1
27; 573; 1.3784e+09; 1.37942e+09; 247; 8.98633e-05; 11.3671; 0.352638; 0.00593062; 0
27; 574; 1.38132e+09; 1.38383e+09; 549; 0.00018245; 9.1722; 0.590435; 1.34657e-06; 1
27; 575; 1.38132e+09; 1.38383e+09; 490; 0.00018245; 9.1722; 0.590435; 1.34657e-06; 0
27; 576; 1.38503e+09; 1.38547e+09; 92; 3.62908e-05; 11.9629; 0.531574; 0.00041723; 1
27; 577; 1.38503e+09; 1.38547e+09; 100; 3.62908e-05; 11.9629; 0.531574; 0.00041723; 0
27; 578; 1.38574e+09; 1.38586e+09; 37; 1.07291e-05; 11.2374; 0.542744; 0.00146454; 1
27; 579; 1.38574e+09; 1.38586e+09; 22; 1.07291e-05; 11.2374; 0.542744; 0.00146454; 0
28; 580; 1.36274e+09; 1.36552e+09; 1330; 0.000259797; 12.0006; 0.795879; 0.0251149; 1
28; 581; 1.36274e+09; 1.36552e+09; 1433; 0.000259797; 12.0006; 0.795879; 0.0251149; 0
28; 582; 1.36561e+09; 1.37149e+09; 2196; 0.000562123; 13.093; 0.802812; 0.0225921; 1
28; 583; 1.36561e+09; 1.37149e+09; 2269; 0.000562123; 13.093; 0.802812; 0.0225921; 0
28; 584; 1.37335e+09; 1.37526e+09; 445; 0.000176004; 12.1677; 0.935303; 0.0169686; 1
28; 585; 1.37335e+09; 1.37526e+09; 520; 0.000176004; 12.1677; 0.935303; 0.0169686; 0
28; 586; 1.37536e+09; 1.37605e+09; 183; 7.11479e-05; 10.1637; 0.916594; 0.0193449; 1
28; 587; 1.37536e+09; 1.37605e+09; 231; 7.11479e-05; 10.1637; 0.916594; 0.0193449; 0
28; 588; 1.37632e+09; 1.37752e+09; 242; 0.000120226; 7.85276; 0.950692; 0.0149514; 1
28; 589; 1.37632e+09; 1.37752e+09; 379; 0.000120226; 7.85276; 0.950692; 0.0149514; 0
28; 590; 1.37762e+09; 1.37784e+09; 46; 2.23438e-05; 6.23976; 1.00168; 0.0109563; 1
28; 591; 1.37762e+09; 1.37784e+09; 51; 2.23438e-05; 6.23976; 1.00168; 0.0109563; 0
29; 592; 1.36274e+09; 1.36552e+09; 870; 0.000252537; 11.536; 0.762565; 0.00272307; 1
29; 593; 1.36274e+09; 1.36552e+09; 886; 0.000252537; 11.536; 0.762565; 0.00272307; 0
29; 594; 1.36561e+09; 1.37149e+09; 1791; 0.000529699; 11.8619; 0.770576; 0.00272311; 1
29; 595; 1.36561e+09; 1.37149e+09; 1791; 0.000529699; 11.8619; 0.770576; 0.00272311; 0
29; 596; 1.37335e+09; 1.37338e+09; 7; 2.68323e-06; 12.5298; 0.747666; 0.00200831; 1
29; 597; 1.37335e+09; 1.37338e+09; 11; 2.68323e-06; 12.5298; 0.747666; 0.00200831; 0
29; 598; 1.37356e+09; 1.37526e+09; 438; 0.000155771; 10.9653; 0.747488; 0.00200888; 1
29; 599; 1.37356e+09; 1.37526e+09; 476; 0.000155771; 10.9653; 0.747488; 0.00200888; 0
29; 600; 1.37536e+09; 1.37605e+09; 198; 6.40538e-05; 11.1892; 0.733916; 4.15095e-07; 1
29; 601; 1.37536e+09; 1.37605e+09; 205; 6.40538e-05; 11.1892; 0.733916; 4.15095e-07; 0
29; 602; 1.37632e+09; 1.37752e+09; 275; 9.34857e-05; 11.9014; 0.746805; -3.29024e-07; 1
29; 603; 1.37632e+09; 1.37752e+09; 281; 9.34857e-05; 11.9014; 0.746805; -3.29024e-07; 0
29; 604; 1.37762e+09; 1.37784e+09; 66; 2.01159e-05; 13.7907; 0.622226; -0.00635588; 1
29; 605; 1.37762e+09; 1.37784e+09; 65; 2.01159e-05; 13.7907; 0.622226; -0.00635588; 0
29; 606; 1.3784e+09; 1.38124e+09; 506; 0.000165432; 13.5024; 0.617014; -0.00635566; 1
29; 607; 1.3784e+09; 1.38124e+09; 562; 0.000165432; 13.5024; 0.617014; -0.00635566; 0
29; 608; 1.38132e+09; 1.38297e+09; 323; 0.000105299; 11.1253; 0.755975; 4.16399e-08; 1
29; 609; 1.38132e+09; 1.38297e+09; 326; 0.000105299; 11.1253; 0.755975; 4.16399e-08; 0
29; 610; 1.38306e+09; 1.38383e+09; 215; 6.50821e-05; 11.2002; 0.749456; 0.00108944; 1
29; 611; 1.38306e+09; 1.38383e+09; 207; 6.50821e-05; 11.2002; 0.749456; 0.00108944; 0
29; 612; 1.38503e+09; 1.38547e+09; 38; 3.7773e-05; 15.3011; 0.673922; 0.00407842; 1
29; 613; 1.38503e+09; 1.38547e+09; 45; 3.7773e-05; 15.3011; 0.673922; 0.00407842; 0
29; 614; 1.38574e+09; 1.38586e+09; 15; 1.07291e-05; 12.933; 0.720147; 6.28509e-07; 1
29; 615; 1.38574e+09; 1.38586e+09; 23; 1.07291e-05; 12.933; 0.720147; 6.28509e-07; 0
30; 616; 1.36274e+09; 1.36552e+09; 807; 0.000251751; 11.6366; 0.530101; 0.0165865; 1
30; 617; 1.36274e+09; 1.36552e+09; 766; 0.000251751; 11.6366; 0.530101; 0.0165865; 0
30; 618; 1.36561e+09; 1.37149e+09; 1469; 0.000528049; 11.4677; 0.536294; 0.0174348; 1
30; 619; 1.36561e+09; 1.37149e+09; 1452; 0.000528049; 11.4677; 0.536294; 0.0174348; 0
30; 620; 1.37335e+09; 1.37338e+09; 9; 2.67487e-06; 11.6759; 0.729778; -1.38466e-07; 1
30; 621; 1.37335e+09; 1.37338e+09; 5; 2.67487e-06; 11.6759; 0.729778; -1.38466e-07; 0
30; 622; 1.37356e+09; 1.37526e+09; 362; 0.000155286; 12.128; 0.648897; 0.00771963; 1
30; 623; 1.37356e+09; 1.37526e+09; 363; 0.000155286; 12.128; 0.648897; 0.00771963; 0
30; 624; 1.37536e+09; 1.37605e+09; 161; 6.38544e-05; 13.2987; 0.51671; 0.0154396; 1
30; 625; 1.37536e+09; 1.37605e+09; 162; 6.38544e-05; 13.2987; 0.51671; 0.0154396; 0
30; 626; 1.37632e+09; 1.37752e+09; 217; 9.31947e-05; 13.2823; 0.501837; 0.017385; 1
30; 627; 1.37632e+09; 1.37752e+09; 270; 9.31947e-05; 13.2823; 0.501837; 0.017385; 0
30; 628; 1.37762e+09; 1.37784e+09; 44; 2.00533e-05; 15.0322; 0.243494; 0.0211583; 1
30; 629; 1.37762e+09; 1.37784e+09; 48; 2.00533e-05; 15.0322; 0.243494; 0.0211583; 0
30; 630; 1.3784e+09; 1.38124e+09; 445; 0.000164917; 16.7984; 2.47139e-05; 0.0229861; 1
30; 631; 1.3784e+09; 1.38124e+09; 454; 0.000164917; 16.7984; 2.47139e-05; 0.0229861; 0
30; 632; 1.38132e+09; 1.38297e+09; 260; 0.000104971; 14.7074; 0.181588; 0.0229868; 1
30; 633; 1.38132e+09; 1.38297e+09; 278; 0.000104971; 14.7074; 0.181588; 0.0229868; 0
30; 634; 1.38306e+09; 1.38383e+09; 176; 6.48795e-05; 12.6163; 0.363152; 0.0229874; 1
30; 635; 1.38306e+09; 1.38383e+09; 168; 6.48795e-05; 12.6163; 0.363152; 0.0229874; 0
30; 636; 1.38503e+09; 1.38547e+09; 51; 3.76554e-05; 17.1366; 0.659251; 7.58992e-06; 1
30; 637; 1.38503e+09; 1.38547e+09; 47; 3.76554e-05; 17.1366; 0.659251; 7.58992e-06; 0
30; 638; 1.38574e+09; 1.38586e+09; 14; 1.06957e-05; 16.5662; 0.612929; 3.7811e-06; 1
30; 639; 1.38574e+09; 1.38586e+09; 17; 1.06957e-05; 16.5662; 0.612929; 3.7811e-06; 0
31; 640; 1.36274e+09; 1.36552e+09; 863; 0.000252851; 10.8602; 0.454649; 0.00718785; 1
31; 641; 1.36274e+09; 1.36552e+09; 904; 0.000252851; 10.8602; 0.454649; 0.00718785; 0
31; 642; 1.36561e+09; 1.37149e+09; 1588; 0.000530356; 11.0003; 0.451792; 0.00671312; 1
31; 643; 1.36561e+09; 1.37149e+09; 1720; 0.000530356; 11.0003; 0.451792; 0.00671312; 0
31; 644; 1.37335e+09; 1.37338e+09; 3; 2.68656e-06; 15.0429; 0.748611; -1.37023e-08; 1
31; 645; 1.37335e+09; 1.37338e+09; 6; 2.68656e-06; 15.0429; 0.748611; -1.37023e-08; 0
31; 646; 1.37356e+09; 1.37526e+09; 351; 0.000155965; 14.4067; 0.658853; -1.81882e-08; 1
31; 647; 1.37356e+09; 1.37526e+09; 388; 0.000155965; 14.4067; 0.658853; -1.81882e-08; 0
31; 648; 1.37536e+09; 1.37605e+09; 166; 6.41333e-05; 14.1661; 0.597079; 1.93933e-08; 1
31; 649; 1.37536e+09; 1.37605e+09; 155; 6.41333e-05; 14.1661; 0.597079; 1.93933e-08; 0
31; 650; 1.37632e+09; 1.37752e+09; 232; 9.36018e-05; 13.897; 0.612293; 1.37436e-06; 1
31; 651; 1.37632e+09; 1.37752e+09; 224; 9.36018e-05; 13.897; 0.612293; 1.37436e-06; 0
31; 652; 1.37762e+09; 1.37784e+09; 49; 2.01409e-05; 13.2324; 0.599524; 2.68726e-06; 1
31; 653; 1.37762e+09; 1.37784e+09; 58; 2.01409e-05; 13.2324; 0.599524; 2.68726e-06; 0
31; 654; 1.3784e+09; 1.38124e+09; 125; 0.000165637; 25.2901; 0.877946; 1.85867e-06; 1
31; 655; 1.3784e+09; 1.38124e+09; 132; 0.000165637; 25.2901; 0.877946; 1.85867e-06; 0
32; 656; 1.36274e+09; 1.36552e+09; 843; 0.00025206; 5.09796; 0.901303; 0.000594552; 1
32; 657; 1.36274e+09; 1.36552e+09; 834; 0.00025206; 5.09796; 0.901303; 0.000594552; 0
32; 658; 1.36561e+09; 1.37149e+09; 1597; 0.000528698; 5.36764; 0.896101; 0.00131117; 1
32; 659; 1.36561e+09; 1.37149e+09; 1651; 0.000528698; 5.36764; 0.896101; 0.00131117; 0
32; 660; 1.37335e+09; 1.37338e+09; 5; 2.67816e-06; 4.82248; 0.873437; 0.00747679; 1
32; 661; 1.37335e+09; 1.37338e+09; 7; 2.67816e-06; 4.82248; 0.873437; 0.00747679; 0
32; 662; 1.37356e+09; 1.37526e+09; 356; 0.000155477; 8.28052; 0.72412; 0.0117294; 1
32; 663; 1.37356e+09; 1.37526e+09; 367; 0.000155477; 8.28052; 0.72412; 0.0117294; 0
32; 664; 1.37536e+09; 1.37605e+09; 147; 6.39328e-05; 11.292; 0.68516; 0.0134544; 1
32; 665; 1.37536e+09; 1.37605e+09; 154; 6.39328e-05; 11.292; 0.68516; 0.0134544; 0
32; 666; 1.37632e+09; 1.37752e+09; 223; 9.33092e-05; 10.5025; 0.774125; 0.00970443; 1
32; 667; 1.37632e+09; 1.37752e+09; 226; 9.33092e-05; 10.5025; 0.774125; 0.00970443; 0
32; 668; 1.37762e+09; 1.37784e+09; 52; 2.00779e-05; 11.1443; 0.671022; 0.0118723; 1
32; 669; 1.37762e+09; 1.37784e+09; 56; 2.00779e-05; 11.1443; 0.671022; 0.0118723; 0
32; 670; 1.3784e+09; 1.38124e+09; 437; 0.00016512; 11.2967; 0.660531; 0.0132983; 1
32; 671; 1.3784e+09; 1.38124e+09; 431; 0.00016512; 11.2967; 0.660531; 0.0132983; 0
32; 672; 1.38132e+09; 1.38297e+09; 290; 0.0001051; 11.1576; 0.724548; 0.0112603; 1
32; 673; 1.38132e+09; 1.38297e+09; 274; 0.0001051; 11.1576; 0.724548; 0.0112603; 0
32; 674; 1.38306e+09; 1.38383e+09; 173; 6.49592e-05; 12.0884; 0.728337; 0.00989256; 1
32; 675; 1.38306e+09; 1.38383e+09; 165; 6.49592e-05; 12.0884; 0.728337; 0.00989256; 0
32; 676; 1.38503e+09; 1.38547e+09; 43; 3.77016e-05; 9.84026; 0.833783; 0.0108199; 1
32; 677; 1.38503e+09; 1.38547e+09; 44; 3.77016e-05; 9.84026; 0.833783; 0.0108199; 0
32; 678; 1.38574e+09; 1.38586e+09; 14; 1.07088e-05; 9.15859; 0.808449; 0.00774452; 1
32; 679; 1.38574e+09; 1.38586e+09; 22; 1.07088e-05; 9.15859; 0.808449; 0.00774452; 0
33; 680; 1.37335e+09; 1.37526e+09; 942; 0.000165392; 8.94345; 0.793383; 0.0116152; 1
33; 681; 1.37335e+09; 1.37526e+09; 801; 0.000165392; 8.94345; 0.793383; 0.0116152; 0
33; 682; 1.37536e+09; 1.37605e+09; 322; 6.80069e-05; 9.86306; 0.808554; 0.0135799; 1
33; 683; 1.37536e+09; 1.37605e+09; 253; 6.80069e-05; 9.86306; 0.808554; 0.0135799; 0
33; 684; 1.37633e+09; 1.37752e+09; 449; 9.78253e-05; 10.1373; 0.83414; 0.0141794; 1
33; 685; 1.37633e+09; 1.37752e+09; 341; 9.78253e-05; 10.1373; 0.83414; 0.0141794; 0
33; 686; 1.37762e+09; 1.37784e+09; 87; 2.13582e-05; 9.49199; 0.844556; 0.0128142; 1
33; 687; 1.37762e+09; 1.37784e+09; 58; 2.13582e-05; 9.49199; 0.844556; 0.0128142; 0
33; 688; 1.3784e+09; 1.38124e+09; 1143; 0.000257202; 8.36316; 0.95871; 0.00640702; 1
33; 689; 1.3784e+09; 1.38124e+09; 825; 0.000257202; 8.36316; 0.95871; 0.00640702; 0
33; 690; 1.38132e+09; 1.38383e+09; 771; 0.000194921; 7.23432; 1.07286; -2.12862e-07; 1
33; 691; 1.38132e+09; 1.38383e+09; 581; 0.000194921; 7.23432; 1.07286; -2.12862e-07; 0
33; 692; 1.38503e+09; 1.38547e+09; 56; 1.70521e-05; 11.1011; 0.790907; 0.00232892; 1
33; 693; 1.38503e+09; 1.38547e+09; 38; 1.70521e-05; 11.1011; 0.790907; 0.00232892; 0
33; 694; 1.38574e+09; 1.38586e+09; 31; 9.96785e-06; 9.35289; 0.772521; 0.00424429; 1
33; 695; 1.38574e+09; 1.38586e+09; 25; 9.96785e-06; 9.35289; 0.772521; 0.00424429; 0
34; 696; 1.37335e+09; 1.37526e+09; 851; 0.000162529; 12.4946; 0.449065; 0.0144216; 1
34; 697; 1.37335e+09; 1.37526e+09; 794; 0.000162529; 12.4946; 0.449065; 0.0144216; 0
34; 698; 1.37536e+09; 1.37605e+09; 272; 6.683e-05; 11.8782; 0.526431; 0.013511; 1
34; 699; 1.37536e+09; 1.37605e+09; 214; 6.683e-05; 11.8782; 0.526431; 0.013511; 0
34; 700; 1.37633e+09; 1.37752e+09; 365; 9.61324e-05; 11.2618; 0.603797; 0.0126004; 1
34; 701; 1.37633e+09; 1.37752e+09; 333; 9.61324e-05; 11.2618; 0.603797; 0.0126004; 0
34; 702; 1.37762e+09; 1.37784e+09; 81; 2.09886e-05; 5.63085; 0.74112; 0.012927; 1
34; 703; 1.37762e+09; 1.37784e+09; 89; 2.09886e-05; 5.63085; 0.74112; 0.012927; 0
34; 704; 1.3784e+09; 1.38124e+09; 1021; 0.000252751; -4.85091; 0.773611; 0.0141152; 1
34; 705; 1.3784e+09; 1.38124e+09; 927; 0.000252751; -4.85091; 0.773611; 0.0141152; 0
34; 706; 1.38132e+09; 1.38383e+09; 791; 0.000191548; -9.70174; 0.668781; 0.0149769; 1
34; 707; 1.38132e+09; 1.38383e+09; 682; 0.000191548; -9.70174; 0.668781; 0.0149769; 0
34; 708; 1.38503e+09; 1.38547e+09; 46; 1.6757e-05; 13.4187; 0.616252; 0.00850666; 1
34; 709; 1.38503e+09; 1.38547e+09; 39; 1.6757e-05; 13.4187; 0.616252; 0.00850666; 0
34; 710; 1.38574e+09; 1.38586e+09; 30; 9.79535e-06; 12.8016; 0.577097; 0.00961069; 1
34; 711; 1.38574e+09; 1.38586e+09; 25; 9.79535e-06; 12.8016; 0.577097; 0.00961069; 0
35; 712; 1.37335e+09; 1.37338e+09; 23; 2.84484e-06; 12.6505; 0.483788; 0.036547; 1
35; 713; 1.37335e+09; 1.37338e+09; 24; 2.84484e-06; 12.6505; 0.483788; 0.036547; 0
35; 714; 1.37359e+09; 1.37526e+09; 1097; 0.000162308; 6.32601; 0.843994; 0.0288395; 1
35; 715; 1.37359e+09; 1.37526e+09; 1285; 0.000162308; 6.32601; 0.843994; 0.0288395; 0
35; 716; 1.37536e+09; 1.37605e+09; 423; 6.79088e-05; 0.0015205; 1.2042; 0.021132; 1
35; 717; 1.37536e+09; 1.37605e+09; 505; 6.79088e-05; 0.0015205; 1.2042; 0.021132; 0
35; 718; 1.37633e+09; 1.37752e+09; 566; 9.76842e-05; 10.1346; 0.602138; 0.0292377; 1
35; 719; 1.37633e+09; 1.37752e+09; 737; 9.76842e-05; 10.1346; 0.602138; 0.0292377; 0
35; 720; 1.37762e+09; 1.37784e+09; 110; 2.13274e-05; 17.4662; 0.397275; 0.0353854; 1
35; 721; 1.37762e+09; 1.37784e+09; 162; 2.13274e-05; 17.4662; 0.397275; 0.0353854; 0
35; 722; 1.3784e+09; 1.38124e+09; 1651; 0.000256831; 18.0821; 0.397338; 0.0325338; 1
35; 723; 1.3784e+09; 1.38124e+09; 1899; 0.000256831; 18.0821; 0.397338; 0.0325338; 0
35; 724; 1.38132e+09; 1.38383e+09; 1085; 0.00019464; 21.4994; 0.000201564; 0.0316401; 1
35; 725; 1.38132e+09; 1.38383e+09; 1390; 0.00019464; 21.4994; 0.000201564; 0.0316401; 0
35; 726; 1.38503e+09; 1.38586e+09; 63; 2.6981e-05; 7.61306; 0.973042; 0.0116996; 1
35; 727; 1.38503e+09; 1.38586e+09; 98; 2.6981e-05; 7.61306; 0.973042; 0.0116996; 0
36; 728; 1.37359e+09; 1.37526e+09; 822; 0.000161345; 0.000653003; 0.969427; 0.0107309; 1
36; 729; 1.37359e+09; 1.37526e+09; 823; 0.000161345; 0.000653003; 0.969427; 0.0107309; 0
36; 730; 1.37762e+09; 1.37784e+09; 10; 2.12008e-05; 12.8415; 0.883911; 0.0290685; 1
36; 731; 1.37762e+09; 1.37784e+09; 2; 2.12008e-05; 12.8415; 0.883911; 0.0290685; 0
36; 732; 1.3784e+09; 1.38124e+09; 145; 0.000255306; 12.0673; 0.816574; 0.019416; 1
36; 733; 1.3784e+09; 1.38124e+09; 16; 0.000255306; 12.0673; 0.816574; 0.019416; 0
36; 734; 1.38132e+09; 1.38297e+09; 47; 0.000124908; 6.03368; 0.90528; 0.0169107; 1
36; 735; 1.38132e+09; 1.38297e+09; 15; 0.000124908; 6.03368; 0.90528; 0.0169107; 0
36; 736; 1.38306e+09; 1.38383e+09; 18; 6.85764e-05; -0.000205556; 1.09898; 0.0145575; 1
36; 737; 1.38306e+09; 1.38383e+09; 1; 6.85764e-05; -0.000205556; 1.09898; 0.0145575; 0
36; 738; 1.38574e+09; 1.38586e+09; 15; 9.89438e-06; 4.51576; 0.809743; 0.010778; 1
36; 739; 1.38574e+09; 1.38586e+09; 12; 9.89438e-06; 4.51576; 0.809743; 0.010778; 0
37; 740; 1.38503e+09; 1.38547e+09; 69; 1.99775e-05; 10.2033; 0.694634; 0.0133194; 1
37; 741; 1.38503e+09; 1.38547e+09; 56; 1.99775e-05; 10.2033; 0.694634; 0.0133194; 0
37; 742; 1.38574e+09; 1.38586e+09; 44; 1.00221e-05; 9.14101; 0.724057; 0.0104178; 1
37; 743; 1.38574e+09; 1.38586e+09; 23; 1.00221e-05; 9.14101; 0.724057; 0.0104178; 0
38; 744; 1.37335e+09; 1.37338e+09; 31; 2.8421e-06; 7.60477; 0.593266; 0.015441; 1
38; 745; 1.37335e+09; 1.37338e+09; 28; 2.8421e-06; 7.60477; 0.593266; 0.015441; 0
38; 746; 1.37356e+09; 1.37526e+09; 1738; 0.000164994; 7.18237; 0.600721; 0.0174705; 1
38; 747; 1.37356e+09; 1.37526e+09; 1466; 0.000164994; 7.18237; 0.600721; 0.0174705; 0
38; 748; 1.37536e+09; 1.37605e+09; 740; 6.78434e-05; 7.16255; 0.621832; 0.0197285; 1
38; 749; 1.37536e+09; 1.37605e+09; 566; 6.78434e-05; 7.16255; 0.621832; 0.0197285; 0
38; 750; 1.37632e+09; 1.37752e+09; 955; 9.80454e-05; -0.68652; 0.621971; 0.0204891; 1
38; 751; 1.37632e+09; 1.37752e+09; 816; 9.80454e-05; -0.68652; 0.621971; 0.0204891; 0
38; 752; 1.37762e+09; 1.37784e+09; 204; 2.13069e-05; 3.13234; 0.308885; 0.0228151; 1
38; 753; 1.37762e+09; 1.37784e+09; 181; 2.13069e-05; 3.13234; 0.308885; 0.0228151; 0
38; 754; 1.3784e+09; 1.38124e+09; 2530; 0.000256583; 15.1163; 4.47834e-07; 0.0249622; 1
38; 755; 1.3784e+09; 1.38124e+09; 2231; 0.000256583; 15.1163; 4.47834e-07; 0.0249622; 0
38; 756; 1.38132e+09; 1.38297e+09; 1182; 0.000125533; 3.70935; 0.311335; 0.0231171; 1
38; 757; 1.38132e+09; 1.38297e+09; 994; 0.000125533; 3.70935; 0.311335; 0.0231171; 0
38; 758; 1.38306e+09; 1.38383e+09; 688; 6.89195e-05; 0.311785; 0.618775; 0.0216534; 1
38; 759; 1.38306e+09; 1.38383e+09; 576; 6.89195e-05; 0.311785; 0.618775; 0.0216534; 0
38; 760; 1.38503e+09; 1.38547e+09; 67; 1.98215e-05; 8.87293; 0.703952; 0.0104797; 1
38; 761; 1.38503e+09; 1.38547e+09; 58; 1.98215e-05; 8.87293; 0.703952; 0.0104797; 0
38; 762; 1.38574e+09; 1.38586e+09; 29; 9.94389e-06; 10.8833; 0.70183; 0.0116593; 1
38; 763; 1.38574e+09; 1.38586e+09; 33; 9.94389e-06; 10.8833; 0.70183; 0.0116593; 0
39; 764; 1.37335e+09; 1.37338e+09; 28; 2.85443e-06; 9.88486; 0.475309; 0.0118999; 1
39; 765; 1.37335e+09; 1.37338e+09; 29; 2.85443e-06; 9.88486; 0.475309; 0.0118999; 0
39; 766; 1.37356e+09; 1.37526e+09; 1958; 0.00016571; 5.03408; 0.534601; 0.0125546; 1
39; 767; 1.37356e+09; 1.37526e+09; 1441; 0.00016571; 5.03408; 0.534601; 0.0125546; 0
39; 768; 1.37536e+09; 1.37605e+09; 620; 6.81376e-05; 6.42483; 0.445974; 0.0145078; 1
39; 769; 1.37536e+09; 1.37605e+09; 526; 6.81376e-05; 6.42483; 0.445974; 0.0145078; 0
39; 770; 1.37632e+09; 1.37752e+09; 997; 9.84706e-05; 6.42485; 0.456354; 0.0151591; 1
39; 771; 1.37632e+09; 1.37752e+09; 745; 9.84706e-05; 6.42485; 0.456354; 0.0151591; 0
39; 772; 1.37762e+09; 1.37784e+09; 216; 2.13993e-05; -7.0171; 0.31159; 0.0159536; 1
39; 773; 1.37762e+09; 1.37784e+09; 163; 2.13993e-05; -7.0171; 0.31159; 0.0159536; 0
39; 774; 1.3784e+09; 1.38124e+09; 2666; 0.000257696; -5.68737; 0.399139; 0.0116318; 1
39; 775; 1.3784e+09; 1.38124e+09; 1964; 0.000257696; -5.68737; 0.399139; 0.0116318; 0
39; 776; 1.38132e+09; 1.38297e+09; 1196; 0.000126077; 5.96271; 0.646072; 0.0101518; 1
39; 777; 1.38132e+09; 1.38297e+09; 895; 0.000126077; 5.96271; 0.646072; 0.0101518; 0
39; 778; 1.38306e+09; 1.38383e+09; 705; 6.92184e-05; -1.30012; 0.407509; 0.0158966; 1
39; 779; 1.38306e+09; 1.38383e+09; 502; 6.92184e-05; -1.30012; 0.407509; 0.0158966; 0
39; 780; 1.38503e+09; 1.38547e+09; 66; 1.99075e-05; 12.3145; 0.483816; 0.0125916; 1
39; 781; 1.38503e+09; 1.38547e+09; 44; 1.99075e-05; 12.3145; 0.483816; 0.0125916; 0
39; 782; 1.38574e+09; 1.38586e+09; 37; 9.98701e-06; 11.9341; 0.455766; 0.0095771; 1
39; 783; 1.38574e+09; 1.38586e+09; 23; 9.98701e-06; 11.9341; 0.455766; 0.0095771; 0
40; 784; 1.37335e+09; 1.37338e+09; 26; 2.84986e-06; -9.52227; 0.644342; 0.0236567; 1
40; 785; 1.37335e+09; 1.37338e+09; 37; 2.84986e-06; -9.52227; 0.644342; 0.0236567; 0
40; 786; 1.37356e+09; 1.37526e+09; 1562; 0.000165445; -11.7065; 0.322177; 0.0301184; 1
40; 787; 1.37356e+09; 1.37526e+09; 1515; 0.000165445; -11.7065; 0.322177; 0.0301184; 0
40; 788; 1.37536e+09; 1.37605e+09; 536; 6.80287e-05; -6.94489; 0.444746; 0.0302344; 1
40; 789; 1.37536e+09; 1.37605e+09; 610; 6.80287e-05; -6.94489; 0.444746; 0.0302344; 0
40; 790; 1.37632e+09; 1.37752e+09; 779; 9.83131e-05; 4.01895; 0.825775; 0.0260414; 1
40; 791; 1.37632e+09; 1.37752e+09; 822; 9.83131e-05; 4.01895; 0.825775; 0.0260414; 0
40; 792; 1.37762e+09; 1.37784e+09; 169; 2.13651e-05; -3.39576; 0.381064; 0.0310624; 1
40; 793; 1.37762e+09; 1.37784e+09; 208; 2.13651e-05; -3.39576; 0.381064; 0.0310624; 0
40; 794; 1.3784e+09; 1.38124e+09; 2281; 0.000257284; -6.97765; 0.458678; 0.0282891; 1
40; 795; 1.3784e+09; 1.38124e+09; 2251; 0.000257284; -6.97765; 0.458678; 0.0282891; 0
40; 796; 1.38132e+09; 1.38297e+09; 1091; 0.000125876; 0.873201; 0.9173; 0.0226474; 1
40; 797; 1.38132e+09; 1.38297e+09; 1167; 0.000125876; 0.873201; 0.9173; 0.0226474; 0
40; 798; 1.38306e+09; 1.38383e+09; 563; 6.91077e-05; -5.65755; 0.458651; 0.0293296; 1
40; 799; 1.38306e+09; 1.38383e+09; 605; 6.91077e-05; -5.65755; 0.458651; 0.0293296; 0
40; 800; 1.38503e+09; 1.38547e+09; 50; 1.98756e-05; 11.0823; 0.550428; 0.0185448; 1
40; 801; 1.38503e+09; 1.38547e+09; 39; 1.98756e-05; 11.0823; 0.550428; 0.0185448; 0
40; 802; 1.38574e+09; 1.38586e+09; 22; 9.97104e-06; 9.66253; 0.610972; 0.0174104; 1
40; 803; 1.38574e+09; 1.38586e+09; 21; 9.97104e-06; 9.66253; 0.610972; 0.0174104; 0
41; 804; 1.37335e+09; 1.37338e+09; 30; 2.85351e-06; 6.77321; 0.739102; 0.0254289; 1
41; 805; 1.37335e+09; 1.37338e+09; 28; 2.85351e-06; 6.77321; 0.739102; 0.0254289; 0
41; 806; 1.37356e+09; 1.37526e+09; 1434; 0.000165657; 10.4314; 0.41549; 0.0362041; 1
41; 807; 1.37356e+09; 1.37526e+09; 1598; 0.000165657; 10.4314; 0.41549; 0.0362041; 0
41; 808; 1.37536e+09; 1.37605e+09; 553; 6.81159e-05; 13.645; 0.113649; 0.0441502; 1
41; 809; 1.37536e+09; 1.37605e+09; 660; 6.81159e-05; 13.645; 0.113649; 0.0441502; 0
41; 810; 1.37632e+09; 1.37752e+09; 717; 9.84391e-05; 9.97872; 0.501798; 0.0410458; 1
41; 811; 1.37632e+09; 1.37752e+09; 912; 9.84391e-05; 9.97872; 0.501798; 0.0410458; 0
41; 812; 1.37762e+09; 1.37784e+09; 190; 2.13924e-05; 8.87222; 0.671874; 0.0415581; 1
41; 813; 1.37762e+09; 1.37784e+09; 226; 2.13924e-05; 8.87222; 0.671874; 0.0415581; 0
41; 814; 1.3784e+09; 1.38124e+09; 2236; 0.000257614; 10.2828; 0.60724; 0.0421211; 1
41; 815; 1.3784e+09; 1.38124e+09; 2557; 0.000257614; 10.2828; 0.60724; 0.0421211; 0
41; 816; 1.38132e+09; 1.38383e+09; 1543; 0.000195233; 9.13363; 0.760677; 0.0390673; 1
41; 817; 1.38132e+09; 1.38383e+09; 1735; 0.000195233; 9.13363; 0.760677; 0.0390673; 0
41; 818; 1.38503e+09; 1.38547e+09; 57; 1.8475e-05; 9.61067; 0.787225; 0.0143609; 1
41; 819; 1.38503e+09; 1.38547e+09; 61; 1.8475e-05; 9.61067; 0.787225; 0.0143609; 0
41; 820; 1.38574e+09; 1.3858e+09; 15; 4.2795e-06; 10.674; 0.688795; 0.0172443; 1
41; 821; 1.38574e+09; 1.3858e+09; 14; 4.2795e-06; 10.674; 0.688795; 0.0172443; 0
42; 822; 1.37335e+09; 1.37338e+09; 26; 2.83206e-06; -6.75433; 0.767478; 0.021983; 1
42; 823; 1.37335e+09; 1.37338e+09; 32; 2.83206e-06; -6.75433; 0.767478; 0.021983; 0
42; 824; 1.37356e+09; 1.37526e+09; 1684; 0.000164411; -8.64137; 0.694786; 0.0246959; 1
42; 825; 1.37356e+09; 1.37526e+09; 1843; 0.000164411; -8.64137; 0.694786; 0.0246959; 0
42; 826; 1.37536e+09; 1.37605e+09; 701; 6.76037e-05; -3.42058; 0.813231; 0.0405219; 1
42; 827; 1.37536e+09; 1.37605e+09; 743; 6.76037e-05; -3.42058; 0.813231; 0.0405219; 0
42; 828; 1.37632e+09; 1.37752e+09; 900; 9.76989e-05; -4.37563; 0.803616; 0.0405131; 1
42; 829; 1.37632e+09; 1.37752e+09; 1064; 9.76989e-05; -4.37563; 0.803616; 0.0405131; 0
42; 830; 1.37762e+09; 1.37784e+09; 213; 2.12316e-05; -6.22357; 0.791274; 0.0204918; 1
42; 831; 1.37762e+09; 1.37784e+09; 232; 2.12316e-05; -6.22357; 0.791274; 0.0204918; 0
42; 832; 1.3784e+09; 1.38383e+09; 4425; 0.000449442; -0.00863024; 0.979684; 0.0135926; 1
42; 833; 1.3784e+09; 1.38383e+09; 4985; 0.000449442; -0.00863024; 0.979684; 0.0135926; 0
42; 834; 1.38503e+09; 1.38547e+09; 55; 1.83361e-05; 14.3421; 0.346819; 0.0169352; 1
42; 835; 1.38503e+09; 1.38547e+09; 54; 1.83361e-05; 14.3421; 0.346819; 0.0169352; 0
42; 836; 1.38574e+09; 1.3858e+09; 8; 4.24733e-06; 14.5289; 0.332494; 0.0188682; 1
42; 837; 1.38574e+09; 1.3858e+09; 6; 4.24733e-06; 14.5289; 0.332494; 0.0188682; 0
43; 838; 1.37335e+09; 1.37338e+09; 34; 2.85853e-06; 8.79345; 0.616147; 0.0131709; 1
43; 839; 1.37335e+09; 1.37338e+09; 29; 2.85853e-06; 8.79345; 0.616147; 0.0131709; 0
43; 840; 1.37356e+09; 1.37526e+09; 1645; 0.000165948; 9.06902; 0.602915; 0.014513; 1
43; 841; 1.37356e+09; 1.37526e+09; 1612; 0.000165948; 9.06902; 0.602915; 0.014513; 0
43; 842; 1.37536e+09; 1.37605e+09; 661; 6.82357e-05; 8.24443; 0.702921; 0.00829371; 1
43; 843; 1.37536e+09; 1.37605e+09; 687; 6.82357e-05; 8.24443; 0.702921; 0.00829371; 0
43; 844; 1.37632e+09; 1.37752e+09; 916; 9.86123e-05; 7.51103; 0.818301; 0.00395389; 1
43; 845; 1.37632e+09; 1.37752e+09; 1004; 9.86123e-05; 7.51103; 0.818301; 0.00395389; 0
43; 846; 1.37762e+09; 1.37784e+09; 215; 2.14301e-05; -0.503821; 0.680899; 0.00914954; 1
43; 847; 1.37762e+09; 1.37784e+09; 195; 2.14301e-05; -0.503821; 0.680899; 0.00914954; 0
43; 848; 1.3784e+09; 1.38124e+09; 2514; 0.000258067; 1.16779; 0.596575; 0.012821; 1
43; 849; 1.3784e+09; 1.38124e+09; 2262; 0.000258067; 1.16779; 0.596575; 0.012821; 0
43; 850; 1.38132e+09; 1.38297e+09; 1101; 0.000126259; 8.89316; 0.736666; 0.00635881; 1
43; 851; 1.38132e+09; 1.38297e+09; 1169; 0.000126259; 8.89316; 0.736666; 0.00635881; 0
43; 852; 1.38306e+09; 1.38383e+09; 592; 6.9318e-05; 10.8641; 0.423977; 0.0101064; 1
43; 853; 1.38306e+09; 1.38383e+09; 598; 6.9318e-05; 10.8641; 0.423977; 0.0101064; 0
43; 854; 1.38503e+09; 1.38547e+09; 54; 1.85075e-05; 11.6231; 0.317393; -0.00801715; 1
43; 855; 1.38503e+09; 1.38547e+09; 53; 1.85075e-05; 11.6231; 0.317393; -0.00801715; 0
43; 856; 1.38574e+09; 1.3858e+09; 10; 4.28703e-06; 11.8386; 0.28859; -0.00393586; 1
43; 857; 1.38574e+09; 1.3858e+09; 14; 4.28703e-06; 11.8386; 0.28859; -0.00393586; 0
44; 858; 1.37335e+09; 1.37338e+09; 18; 2.88227e-06; 9.97751; 0.870861; 0.0261171; 1
44; 859; 1.37335e+09; 1.37338e+09; 36; 2.88227e-06; 9.97751; 0.870861; 0.0261171; 0
44; 860; 1.37356e+09; 1.37526e+09; 785; 0.000167326; 9.12662; 0.864084; 0.0316219; 1
44; 861; 1.37356e+09; 1.37526e+09; 974; 0.000167326; 9.12662; 0.864084; 0.0316219; 0
44; 862; 1.37536e+09; 1.37605e+09; 119; 6.88024e-05; 9.90068; 0.869755; 0.0359674; 1
44; 863; 1.37536e+09; 1.37605e+09; 102; 6.88024e-05; 9.90068; 0.869755; 0.0359674; 0
44; 864; 1.37632e+09; 1.37752e+09; 229; 9.94312e-05; 10.159; 0.913991; 0.0347874; 1
44; 865; 1.37632e+09; 1.37752e+09; 203; 9.94312e-05; 10.159; 0.913991; 0.0347874; 0
44; 866; 1.37762e+09; 1.37784e+09; 53; 2.1608e-05; 4.39619; 1.14801; 0.0288842; 1
44; 867; 1.37762e+09; 1.37784e+09; 62; 2.1608e-05; 4.39619; 1.14801; 0.0288842; 0
44; 868; 1.3784e+09; 1.38124e+09; 593; 0.00026021; 6.33732; 1.0227; 0.0305426; 1
44; 869; 1.3784e+09; 1.38124e+09; 662; 0.00026021; 6.33732; 1.0227; 0.0305426; 0
44; 870; 1.38132e+09; 1.38297e+09; 215; 0.000127307; 7.69228; 0.899336; 0.0309825; 1
44; 871; 1.38132e+09; 1.38297e+09; 220; 0.000127307; 7.69228; 0.899336; 0.0309825; 0
44; 872; 1.38306e+09; 1.38383e+09; 78; 6.98936e-05; 2.70996; 1.1035; 0.0238814; 1
44; 873; 1.38306e+09; 1.38383e+09; 55; 6.98936e-05; 2.70996; 1.1035; 0.0238814; 0
44; 874; 1.38503e+09; 1.38547e+09; 31; 1.86612e-05; 9.73492; 0.766021; 0.0131944; 1
44; 875; 1.38503e+09; 1.38547e+09; 46; 1.86612e-05; 9.73492; 0.766021; 0.0131944; 0
44; 876; 1.38574e+09; 1.3858e+09; 10; 4.32263e-06; 10.0889; 0.829959; 0.0129942; 1
44; 877; 1.38574e+09; 1.3858e+09; 11; 4.32263e-06; 10.0889; 0.829959; 0.0129942; 0
45; 878; 1.37335e+09; 1.37338e+09; 18; 2.8421e-06; 9.90212; 0.826705; 0.0147702; 1
45; 879; 1.37335e+09; 1.37338e+09; 22; 2.8421e-06; 9.90212; 0.826705; 0.0147702; 0
45; 880; 1.37356e+09; 1.37526e+09; 1048; 0.000164994; 4.95247; 0.820965; 0.0146785; 1
45; 881; 1.37356e+09; 1.37526e+09; 975; 0.000164994; 4.95247; 0.820965; 0.0146785; 0
45; 882; 1.37536e+09; 1.37605e+09; 347; 6.78434e-05; 6.63263; 0.738535; 0.014659; 1
45; 883; 1.37536e+09; 1.37605e+09; 354; 6.78434e-05; 6.63263; 0.738535; 0.014659; 0
45; 884; 1.37632e+09; 1.37752e+09; 597; 9.80454e-05; 11.1975; 0.764198; 0.0144241; 1
45; 885; 1.37632e+09; 1.37752e+09; 522; 9.80454e-05; 11.1975; 0.764198; 0.0144241; 0
45; 886; 1.37762e+09; 1.37784e+09; 140; 2.13069e-05; 9.13257; 0.86655; 0.0141171; 1
45; 887; 1.37762e+09; 1.37784e+09; 107; 2.13069e-05; 9.13257; 0.86655; 0.0141171; 0
45; 888; 1.3784e+09; 1.38124e+09; 1271; 0.00022683; 10.5308; 0.787902; 0.0177516; 1
45; 889; 1.3784e+09; 1.38124e+09; 1170; 0.00022683; 10.5308; 0.787902; 0.0177516; 0
45; 890; 1.38132e+09; 1.38297e+09; 600; 0.000107218; 10.4797; 0.797504; 0.0185787; 1
45; 891; 1.38132e+09; 1.38297e+09; 587; 0.000107218; 10.4797; 0.797504; 0.0185787; 0
45; 892; 1.38306e+09; 1.38383e+09; 396; 6.89195e-05; 9.52953; 0.891275; 0.0138684; 1
45; 893; 1.38306e+09; 1.38383e+09; 378; 6.89195e-05; 9.52953; 0.891275; 0.0138684; 0
45; 894; 1.38503e+09; 1.38547e+09; 39; 1.53771e-05; 13.4599; 0.884356; 0.00713133; 1
45; 895; 1.38503e+09; 1.38547e+09; 23; 1.53771e-05; 13.4599; 0.884356; 0.00713133; 0
45; 896; 1.38574e+09; 1.38585e+09; 14; 8.52351e-06; 12.5455; 0.931344; 0.00599895; 1
45; 897; 1.38574e+09; 1.38585e+09; 22; 8.52351e-06; 12.5455; 0.931344; 0.00599895; 0
46; 898; 1.37335e+09; 1.37338e+09; 26; 2.83297e-06; 0.000464508; 0.940564; 0.031309; 1
46; 899; 1.37335e+09; 1.37338e+09; 21; 2.83297e-06; 0.000464508; 0.940564; 0.031309; 0
46; 900; 1.37356e+09; 1.37526e+09; 1400; 0.000164464; 4.08166; 0.983217; 0.0379622; 1
46; 901; 1.37356e+09; 1.37526e+09; 1501; 0.000164464; 4.08166; 0.983217; 0.0379622; 0
46; 902; 1.37536e+09; 1.37784e+09; 1293; 0.000186594; 8.16285; 1.02587; 0.0446155; 1
46; 903; 1.37536e+09; 1.37784e+09; 1484; 0.000186594; 8.16285; 1.02587; 0.0446155; 0
46; 904; 1.3784e+09; 1.38124e+09; 1507; 0.000226102; 4.08147; 1.29333; 0.0344432; 1
46; 905; 1.3784e+09; 1.38124e+09; 1662; 0.000226102; 4.08147; 1.29333; 0.0344432; 0
46; 906; 1.38132e+09; 1.38297e+09; 695; 0.000106874; 8.35332e-05; 1.56079; 0.0242709; 1
46; 907; 1.38132e+09; 1.38297e+09; 724; 0.000106874; 8.35332e-05; 1.56079; 0.0242709; 0
46; 908; 1.38306e+09; 1.38383e+09; 387; 6.86981e-05; 0.00138996; 1.49946; 0.0262309; 1
46; 909; 1.38306e+09; 1.38383e+09; 473; 6.86981e-05; 0.00138996; 1.49946; 0.0262309; 0
46; 910; 1.38503e+09; 1.38547e+09; 41; 1.53277e-05; 8.86908; 0.916705; 0.0103853; 1
46; 911; 1.38503e+09; 1.38547e+09; 39; 1.53277e-05; 8.86908; 0.916705; 0.0103853; 0
46; 912; 1.38574e+09; 1.38585e+09; 21; 8.49613e-06; 9.9037; 0.927259; 0.0104093; 1
46; 913; 1.38574e+09; 1.38585e+09; 14; 8.49613e-06; 9.9037; 0.927259; 0.0104093; 0
47; 914; 1.37335e+09; 1.37338e+09; 19; 2.85853e-06; 17.3126; 0.963595; -1.33395e-08; 1
47; 915; 1.37335e+09; 1.37338e+09; 12; 2.85853e-06; 17.3126; 0.963595; -1.33395e-08; 0
47; 916; 1.37356e+09; 1.37526e+09; 853; 0.000165948; 16.4998; 0.867424; 0.00477493; 1
47; 917; 1.37356e+09; 1.37526e+09; 757; 0.000165948; 16.4998; 0.867424; 0.00477493; 0
47; 918; 1.37536e+09; 1.37605e+09; 218; 6.82357e-05; 18.7702; 0.837644; 0.004775; 1
47; 919; 1.37536e+09; 1.37605e+09; 196; 6.82357e-05; 18.7702; 0.837644; 0.004775; 0
47; 920; 1.37632e+09; 1.37784e+09; 396; 0.000120042; 21.8534; 0.904034; 1.1841e-07; 1
47; 921; 1.37632e+09; 1.37784e+09; 367; 0.000120042; 21.8534; 0.904034; 1.1841e-07; 0
47; 922; 1.3784e+09; 1.38124e+09; 709; 0.000228142; 29.9288; 0.452024; 0.0169205; 1
47; 923; 1.3784e+09; 1.38124e+09; 571; 0.000228142; 29.9288; 0.452024; 0.0169205; 0
47; 924; 1.38132e+09; 1.38383e+09; 382; 0.000177156; 38.0042; 1.52101e-05; 0.0338408; 1
47; 925; 1.38132e+09; 1.38383e+09; 408; 0.000177156; 38.0042; 1.52101e-05; 0.0338408; 0
47; 926; 1.38503e+09; 1.38547e+09; 29; 1.5466e-05; 19.9516; 0.834574; -0.00258144; 1
47; 927; 1.38503e+09; 1.38547e+09; 28; 1.5466e-05; 19.9516; 0.834574; -0.00258144; 0
47; 928; 1.38574e+09; 1.38585e+09; 16; 8.5728e-06; 22.6257; 0.823146; 0.00294584; 1
47; 929; 1.38574e+09; 1.38585e+09; 24; 8.5728e-06; 22.6257; 0.823146; 0.00294584; 0
48; 930; 0; 0; 0; 0; -1; -1; -1; 1
48; 931; 0; 0; 0; 0; -1; -1; -1; 0
49; 932; 1.38503e+09; 1.38586e+09; 118; 2.97314e-05; 10.7296; 0.629482; 0.0168188; 1
49; 933; 1.38503e+09; 1.38586e+09; 170; 2.97314e-05; 10.7296; 0.629482; 0.0168188; 0
50; 934; 1.38503e+09; 1.38586e+09; 81; 2.98989e-05; 12.6473; 0.564284; 0.00375038; 1
50; 935; 1.38503e+09; 1.38586e+09; 83; 2.98989e-05; 12.6473; 0.564284; 0.00375038; 0
51; 936; 1.38503e+09; 1.38586e+09; 57; 2.97e-05; 11.0981; 0.559995; 4.42613e-07; 1
51; 937; 1.38503e+09; 1.38586e+09; 60; 2.97e-05; 11.0981; 0.559995; 4.42613e-07; 0
52; 938; 1.38503e+09; 1.38586e+09; 48; 2.94749e-05; 6.91973; 0.863401; -8.74845e-07; 1
52; 939; 1.38503e+09; 1.38586e+09; 65; 2.94749e-05; 6.91973; 0.863401; -8.74845e-07; 0
53; 940; 1.38503e+09; 1.38547e+09; 53; 1.77764e-05; 8.76665; 0.500104; 0.0185672; 1
53; 941; 1.38503e+09; 1.38547e+09; 83; 1.77764e-05; 8.76665; 0.500104; 0.0185672; 0
53; 942; 1.38574e+09; 1.38586e+09; 21; 1.05045e-05; 9.63966; 0.309732; 0.0229212; 1
53; 943; 1.38574e+09; 1.38586e+09; 43; 1.05045e-05; 9.63966; 0.309732; 0.0229212; 0
54; 944; 1.38503e+09; 1.38547e+09; 48; 1.7551e-05; 10.5899; 0.34074; 0.0151013; 1
54; 945; 1.38503e+09; 1.38547e+09; 55; 1.7551e-05; 10.5899; 0.34074; 0.0151013; 0
54; 946; 1.38574e+09; 1.38586e+09; 19; 1.03713e-05; 15.4335; -8.20759e-07; 0.0182995; 1
54; 947; 1.38574e+09; 1.38586e+09; 44; 1.03713e-05; 15.4335; -8.20759e-07; 0.0182995; 0
55; 948; 1.38503e+09; 1.38547e+09; 28; 1.81687e-05; 5.81078; 0.328561; 0.0180252; 1
55; 949; 1.38503e+09; 1.38547e+09; 31; 1.81687e-05; 5.81078; 0.328561; 0.0180252; 0
55; 950; 1.38574e+09; 1.38586e+09; 21; 1.07364e-05; 11.6217; -1.01924e-05; 0.0206226; 1
55; 951; 1.38574e+09; 1.38586e+09; 22; 1.07364e-05; 11.6217; -1.01924e-05; 0.0206226; 0
56; 952; 1.38503e+09; 1.38547e+09; 26; 1.84776e-05; 0.000122327; 0.664718; 0.0149325; 1
56; 953; 1.38503e+09; 1.38547e+09; 49; 1.84776e-05; 0.000122327; 0.664718; 0.0149325; 0
56; 954; 1.38574e+09; 1.38586e+09; 24; 1.09189e-05; 0.0002381; 0.621926; 0.016653; 1
56; 955; 1.38574e+09; 1.38586e+09; 32; 1.09189e-05; 0.0002381; 0.621926; 0.016653; 0
57; 956; 1.38503e+09; 1.38586e+09; 56; 2.74615e-05; 6.30711; 0.790019; 0.0142173; 1
57; 957; 1.38503e+09; 1.38586e+09; 62; 2.74615e-05; 6.30711; 0.790019; 0.0142173; 0
58; 958; 1.38503e+09; 1.38547e+09; 52; 1.70316e-05; 12.1684; 0.245317; -0.00597941; 1
58; 959; 1.38503e+09; 1.38547e+09; 58; 1.70316e-05; 12.1684; 0.245317; -0.00597941; 0
58; 960; 1.38574e+09; 1.38586e+09; 46; 1.05064e-05; 13.6458; 6.49384e-05; -0.0119584; 1
58; 961; 1.38574e+09; 1.38586e+09; 25; 1.05064e-05; 13.6458; 6.49384e-05; -0.0119584; 0
59; 962; 1.38503e+09; 1.38547e+09; 27; 1.68482e-05; 11.5323; 0.572926; -0.00404127; 1
59; 963; 1.38503e+09; 1.38547e+09; 42; 1.68482e-05; 11.5323; 0.572926; -0.00404127; 0
59; 964; 1.38574e+09; 1.38586e+09; 22; 1.03932e-05; 12.7993; 0.49327; -0.00808294; 1
59; 965; 1.38574e+09; 1.38586e+09; 26; 1.03932e-05; 12.7993; 0.49327; -0.00808294; 0
60; 966; 1.38503e+09; 1.38586e+09; 42; 2.71744e-05; 9.4154; 0.603027; 0.0147132; 1
60; 967; 1.38503e+09; 1.38586e+09; 56; 2.71744e-05; 9.4154; 0.603027; 0.0147132; 0
61; 968; 1.38503e+09; 1.38547e+09; 41; 1.94645e-05; 7.79966; 0.772531; 0.00779948; 1
61; 969; 1.38503e+09; 1.38547e+09; 58; 1.94645e-05; 7.79966; 0.772531; 0.00779948; 0
61; 970; 1.38574e+09; 1.38586e+09; 16; 1.04188e-05; 6.98087; 0.785749; 0.00838077; 1
61; 971; 1.38574e+09; 1.38586e+09; 37; 1.04188e-05; 6.98087; 0.785749; 0.00838077; 0
62; 972; 1.38503e+09; 1.38586e+09; 112; 2.97052e-05; 10.2613; 0.699221; 0.00175587; 1
62; 973; 1.38503e+09; 1.38586e+09; 104; 2.97052e-05; 10.2613; 0.699221; 0.00175587; 0
63; 974; 1.38503e+09; 1.38547e+09; 76; 1.95054e-05; -5.52299; 0.73009; 0.0183084; 1
63; 975; 1.38503e+09; 1.38547e+09; 79; 1.95054e-05; -5.52299; 0.73009; 0.0183084; 0
63; 976; 1.38574e+09; 1.38586e+09; 49; 1.04407e-05; 0.759129; 0.894376; 0.0136355; 1
63; 977; 1.38574e+09; 1.38586e+09; 47; 1.04407e-05; 0.759129; 0.894376; 0.0136355; 0
64; 978; 1.38503e+09; 1.38547e+09; 29; 1.96077e-05; 14.0236; 0.685414; 0.0247268; 1
64; 979; 1.38503e+09; 1.38547e+09; 37; 1.96077e-05; 14.0236; 0.685414; 0.0247268; 0
64; 980; 1.38574e+09; 1.38586e+09; 25; 1.04954e-05; 8.99936; 0.759288; 0.024479; 1
64; 981; 1.38574e+09; 1.38586e+09; 30; 1.04954e-05; 8.99936; 0.759288; 0.024479; 0
